6.0701763037979681
8.4757367761166886
3.3142699364467356
1.3476903356349610
-0.7391486305742181
8.0279735609419536
10.9319196771793088
3.3654033846706377
7.8694947881670894
-10.1314155508609165
-1.9889469377238036
4.6154115089922589
1.7493371886046529
-6.8233633803026930
4.3916853717812590
-0.0876785429289009
-3.3503970452035245
10.4739442811913825
-1.5081681108272991
-4.8208250165128348
-0.3449953021980803
2.4178055892738071
-6.5533431952277095
-1.7674281180340974
12.3187178474574779
5.5900354481110028
-2.4281507662226209
0.5723499980063851
0.5082119931732429
2.0796132991432010
-0.9029300278697305
6.9307312877906924
-2.2095715290665989
0.3844596147602926
-0.6567673459525012
7.0297715528250881
-1.0473554281881965
0.4432006783506337
-4.0565450494646216
-0.9409944223561606
7.0473921335009342
2.2937018053513540
-5.7507953268919483
5.6340712875315990
-0.8582945834268612
8.2760867618148328
4.2217461348494441
6.0194362013044218
-1.7843077438681314
-6.0475203277937251
1.4351475439875796
-6.4878706868136575
-0.1728701304794884
-5.2404076597227744
-6.4642726454552131
-1.0383680500380201
0.4990043296209081
1.0259209193215812
-9.7466355032740548
-0.1926771374353655
8.0756534310905064
5.3087570385234182
-4.9408351382598026
7.1699859317907233
1.1237667729345004
12.0201926791996705
0.6427293292130316
16.1025498350739475
2.0882962839863271
0.2876767524625157
-7.9020230973568983
-2.5225077211480977
6.2799372577492312
0.5278572903241021
1.2994452462368855
-5.1876576876530711
-4.0617774396362094
4.4980589187810516
-3.0183620148167707
1.8117228288120319
-3.0477839934964397
12.5432962070330163
1.0953378475735693
0.0176181310551177
7.0168837811474996
-7.9793517478434417
-7.0362368772640762
12.6484531051880378
2.1777513643164021
1.8147224930972179
5.7212985045982006
9.8954371152749978
1.9510252620947619
-9.0123954232743984
-7.9159089978234851
10.2551975979610521
-2.0323520628928922
3.6016697248828833
1.3953277341029691
-8.6219456331304745
6.9298211438810968
7.1606662099795066
-4.8062313687320124
-1.1210484551597575
6.4945949775152227
8.1552359734512407
5.4251572095454685
9.7603366307941375
3.2147177405353347
3.5043526914266216
-4.9854277217991738
7.9696456967194393
-5.0446213662739492
-5.6407981462397423
6.2406714691949192
-0.6465425397789023
-0.2001872760417338
-0.2207680788288624
0.3339287514606148
-2.6295987432975902
-3.5546163918428575
-1.4630470623512863
15.7566629349776495
-5.5955133465244522
1.9732974780179029
-6.6999540259519907
-3.3831528125261858
-5.0893916301473414
2.4081506715421277
-9.2797349578691684
6.7591422365043492
4.7408430540875557
2.5593336086542893
0.0916698061770003
-16.8704716713607041
0.3507726237785636
-2.0343371223404088
2.2572837976816702
-1.3307612292857005
4.3007296799119317
0.3889346441325503
11.5621448729054190
3.7632584237038533
-4.7724653757924376
0.0068702938859173
-6.4109475312391151
8.2378040285988483
7.0997399362198443
7.3264773174142297
-15.2164948412210048
6.7549531598861199
0.3524658143039601
4.1663657694032850
1.2984766083514669
5.4087730966722525
-1.4992373628104996
-4.6808727630539044
2.1061742735885911
-2.8456718148590823
-4.8585811246074240
-4.0053722311631104
6.2040974043842416
6.4107388872926148
7.8357511855592437
10.7356244785611246
2.1740482808169599
11.8190732097984252
8.6569421366814456
2.8872161291551794
-1.2024329618797833
-9.4612302479211543
6.6858129738784928
1.9990988479761529
-7.9703612312432099
-7.5927372469427903
-5.6210843502595171
-1.3318353116811181
4.2381524466985550
-0.9916994638582033
-3.9256502320628490
0.3038560624788199
2.5390936507026760
9.0580849609298060
-8.0191546385407726
4.5980570762186677
3.3448514036931054
-2.9210192974484550
0.9325952168098199
7.4863305629523396
-3.9164599001138023
-0.7964989943713761
7.1666525605748763
-0.9133374321218002
-7.5880341351161604
5.4198968586098024
-9.2880890693604456
-0.9583970824263487
-1.0759765843394899
-6.1897202795605200
0.1276298090893082
-0.4260434466321512
7.3350579811744394
5.0588603846146079
5.2678811903208258
3.3706834217091988
3.3547863764067927
-3.4362834619973937
8.7473736000197171
-1.0174662193308082
-2.2578546916172511
2.6022440802661313
-0.4950481074708941
-3.5208331206254075
-6.8647941397200114
2.1388274863248800
-11.9974028313708061
-0.3894184647127521
6.0400792988352032
0.0116108986903656
3.9718936037509787
-1.2262821617262596
5.5369809919082584
-4.9985900651504229
2.4148979960152333
-8.1681104631682899
-11.3471260461483947
15.3254649399682332
8.4470651906658496
-4.7916537821545164
-14.3202399044408288
-3.8678191466315885
6.6226319076818374
-5.4138209543108520
0.2779102841991916
-6.8413554786611330
-0.6420635319762178
4.0570685658382342
-2.1011650103848662
-7.9322000709933320
-5.4444651462091853
1.3313356685394144
10.0766329038304612
1.0523215557840819
10.5504937459110533
6.2562088927333699
0.7638015274376122
11.7090662524943383
4.3152028013939319
-1.3521905340406581
-0.5700959359493134
1.9388829767065796
3.6186079711957579
-4.0582273378707372
-6.8266617502162017
-10.9387271998709945
-1.3030478841206476
8.9423293608868004
-2.7076980196132512
-3.5156230347951509
-12.2393694981575880
-1.2151013616998669
-1.7374399646093170
0.2162313147376469
-6.7606649803741261
5.1707887746048620
18.7379679911093220
-0.4521151810553090
-0.2679844730877203
-5.8553517365901389
-14.7075220206481205
-5.7970237101952602
4.0460230031979059
-7.3301335070497498
-2.4959360127437602
5.4984769474932014
3.2244929955322896
-3.1477289710212100
-2.8472865667227358
-4.4278090430062713
-7.7766700765111487
-6.5770860261866417
4.6153283847524857
1.3116055829667426
5.7364951087460643
6.0630970515761593
-2.8407810695050371
-11.2671671831266575
-1.6247203682480507
-2.9294193281817829
-3.6812511869255204
9.0435682794132060
0.3201922939831023
-0.3122181057283643
-10.7189161651340505
-5.5528441003200486
6.9825065905024335
3.8546804993794783
5.5390435045117403
2.0588496287015579
1.0387321206805105
1.5235516389814903
4.2862360765998666
1.3493604990418750
-10.2510729510367344
-1.3691817173174146
9.3215102171692763
3.9655764929391015
14.4709255451209593
7.3854230164063637
-4.5418925568094499
5.0129883679436684
-4.8180919985425845
-1.4386831632994146
-4.0324488329069439
4.6245977764085184
-1.5062209067731338
-5.2521880087099024
-5.6018997361880469
-0.3191917707383585
-16.6553959757981787
5.2370366551096872
8.7471644018023333
9.0651152198639959
-2.4581994174001975
7.6958823491266131
5.1103348954609942
-0.5535072363426132
7.3836661737449898
-0.5933886488887035
2.2515907239109021
-1.3150884277571326
5.9565881523069448
-5.6804913446977547
-1.8928643359423165
-0.3843761740892471
-5.2332964623771936
-4.1275141258853996
3.9500814842616210
5.2153179752631127
-20.0773408794794612
-8.7645304456770781
11.2890277086768478
5.6615270543739946
7.1213582135546289
8.7239024659332838
11.1225657951237906
6.4540340194622612
16.0447467274853039
2.3403649389427796
-5.2635800213586323
-1.6466810442635145
-1.7173201250891381
-6.3516907045707800
-3.1372502014138677
0.6216031487280482
-15.3091547943726862
1.2606815775438716
-5.1387991732317477
-1.5621745131833520
5.9698339597433332
-0.2333631120917379
13.3412277589257489
1.2079993189539566
-4.5846898157590275
-6.4974734582249187
4.8698691148022135
0.2017969386584054
2.7898994951674743
-1.8171395969122828
9.3898707285345466
3.3467209998387357
-0.3182601090896888
6.6366283461839979
0.7111549200185898
-9.5051160656939011
-15.4540413180005665
1.7263046482285798
1.9224971179486279
-6.7742446136182366
2.5182115959883484
9.7374150690460635
7.6595660959408907
0.5800527366576995
-11.7977208756861884
3.5821274425383800
3.0509501215436816
8.1607639264598504
0.9850955985805410
4.8193036216631651
-9.2746033141889228
-0.9107485927132353
2.4421562885868564
-1.7175386844543123
3.5669280411790627
5.5150009867358909
8.5318256887510895
-4.3456615240516197
-2.6733269931751562
-1.1521863330773661
0.9831318639520124
-9.1437927577693205
4.6598750183171980
2.4130097863784536
2.4417382090446766
-5.7568372150090426
-0.6859886549586324
1.6623739634162507
-8.4524123382900953
7.0031080833807353
-0.3515796203547965
1.6636466503900942
15.8307396335960497
2.9771709642686806
-2.0636958614495100
-8.7521556836246166
-1.9123615525741473
-4.5279293248636137
5.7021658238687696
-9.3372663747043276
-0.8976600182016718
-4.3249964546211030
3.8746665246335255
9.7825310798309921
1.4004179931026171
6.0411980165150805
5.3526783375772702
11.3115988461486925
10.1476752947248841
-4.6683041522459545
-3.8827734139122922
0.1673895700206960
2.1170674154780604
10.2585471169590345
-2.4777780361258985
3.8379228587990042
-5.2593186121794275
8.0522957995801097
6.3215009640992488
-1.4479835852494172
-1.9875084183372471
-13.4821696610470294
2.4367942005708447
5.5792625469750066
0.3816445720155279
8.2911302001880927
0.7812008744313561
-7.0391414237448791
7.4841844592109501
-3.5768803035753605
-10.2813006639080911
-1.9971921922414986
1.4627193264765364
-2.1549955983230364
-3.7747421244407122
-5.8308490404567834
-2.1047374925932072
5.1786887144931342
-10.8214119047369248
2.9571205188341896
-6.6525610572252489
5.7388014068250763
17.5312509001479775
-7.7532036825487172
-1.7458554883130561
-5.6480052704709101
2.8334843090021633
10.1841405254646453
-5.0097675693690462
-0.7061645049258551
-13.0007414823877188
1.5266021259591569
3.7646859707551861
4.0734438554820205
8.3107915717776777
-4.8718961718126081
-5.9327073306339653
-5.2180516187349149
-0.0132592502865947
-5.0518814755394903
-11.0270748085578205
-4.2453565197249974
-1.1233960171627055
8.1521163624615074
2.0740407142266815
-0.6152184323454117
0.5572011974822728
-0.3313605664101313
8.6975426389924095
1.6385475504920675
-0.9793833276512446
4.3012859480442573
9.6312096845818012
-3.3764399225121009
-9.5148827984257416
2.7032046058726822
-1.4219159916709425
2.6014372317762691
14.3684682638097332
6.0658527122583248
-3.4078780267500539
-0.7976914424843538
5.8021177309666285
-2.7183008016030912
-2.1114868912719955
6.9637814955444748
4.3655645231792057
-8.0919290339524252
10.4679668788260063
-2.8438970705749043
-7.3712618510224903
-6.4111018609376824
-9.7426713642418896
20.2439463574352274
-1.4033016935999565
-3.5117924459081005
-8.2945653471981373
-0.5537092883311963
-4.0910936443168833
-9.5865948849723175
-16.7990854200332649
9.5911748831936841
8.9234764651629650
0.3655897323560362
3.2981137591144094
6.1193207373885388
7.3196391054368251
-4.8842630574448860
2.7471713863817246
-0.6016617243308386
-9.9357966564793490
5.3898418311307097
10.5369152562946482
-6.2797340251482039
-2.3238206647526369
-7.9484261164130103
3.8888993568005943
-1.2086781805079612
13.2309351390170580
-5.6977833169642249
-2.4871195395494494
-8.2555331665166474
0.0300326380753995
6.0188773609182622
7.3236466254288910
4.1401227935666336
7.6403120856783318
10.8603684918362369
5.6631446329782928
2.3672425043313789
-13.6959280584503915
3.9473508739326326
2.5809651008071839
-2.9434837827900711
4.8885981563726588
3.0721109032305556
9.3052781037773205
-2.0589064745640844
-5.4909719620501010
-6.4511213824614115
-9.7507602839954792
-3.1111043648043100
1.3044618322098058
4.0642919407328462
1.3447832428334241
6.0400656681671840
7.5755341420852398
10.4795788977653253
-4.4832421792957504
2.5273600045392404
-9.2979836166522496
3.8652351918017076
0.7927708915890688
-3.8995525851827129
-4.9945271423889599
-0.5532837251704175
-4.1620315933703589
-1.9629288170650299
4.0306062089216397
-13.7954842537087714
-4.4395578959317081
4.3121856365522522
-4.7052382620004654
3.0791255136413787
2.7905564340989377
10.8795220421232912
5.1240550653800518
3.9838077619216055
4.3047438902219719
-1.7418451481246682
-6.8505766762854332
3.6894743978905540
0.7095977802010098
3.0283225688326132
-4.8843359200003231
0.3981642481684201
6.1501200089714603
3.1392514791492268
-9.9822892317259289
-17.4014086547283213
-13.1164297812254489
-2.6974844308069859
11.9080403588891883
7.9127149511074970
-2.5284536275147693
-5.2397241977308386
17.0498780572833972
-0.7085457115849356
-0.7760229431411294
-5.9405431662323220
-0.0521568248768676
-0.3487135021553696
2.6608841775648724
3.4388686782704521
-13.2512610565936999
-4.6351556338626212
-9.6994592635967898
-6.7003941180577646
8.5432654299015738
-1.7997099625070601
-13.6857358004333332
-3.7033788235742882
11.7041063770513425
-4.3965225351937551
0.4240362991810800
15.8407820061883768
11.2566144428216770
10.7572121033410539
11.4561831773548768
5.0860176200448723
2.3144551223111360
-1.2399321508287864
10.3859682596209595
-5.8855744981549547
-4.6371491797433677
-5.4722310153605784
-1.6497153636860968
7.6864460084388568
2.5728068737577909
2.5217689207823968
-9.8412325192685017
8.1437167254684333
10.8157845346193344
0.1633516469726346
0.6369880594701770
5.8823305164414101
-9.8406195706942174
1.2255155691544704
-2.8403850507603186
-5.1568680897254398
-4.5125871722579891
-0.3347362176533741
2.4404178819829601
-8.3469073676012524
-3.8589036859289871
-9.4625668165813810
-13.2626144459137763
-2.1886351555963626
8.2876404162309214
-1.4546865540141842
-2.6148096032498302
3.7973093081668119
-5.9043326612763476
4.1928247547781261
1.0591259560448201
7.8187363455021082
7.2117628858457969
2.3658064731435235
6.5058456357073116
2.7144664326637091
-0.7553935138978658
4.7379938147599736
2.6085041816089185
2.5377770644840827
2.1683557446484434
-0.9977721492347547
8.7773411992698804
1.5936729128600957
3.1048654537733489
-5.8162666178199256
-5.6763064905623297
2.1964816075304268
5.9365988951540789
2.9555214389186522
-2.4817560787096582
2.7975352121913062
4.3538097144894881
-5.7820482089557208
-1.0849800737290312
6.4668778851205815
-2.3540015250427819
8.1739756976565303
-3.2067665327465074
-3.7870023381537896
-13.3150460077586175
-3.2060952678964374
0.7056465285051110
-5.4302462860438876
3.4151179248863404
8.7468659848887711
-1.6726580452023465
-10.0602500394821508
4.5094144149905322
9.1602901563362060
-0.3527049781431384
0.8522931606524047
1.5352627926653379
-1.5050704652929099
18.6600215461372656
1.4214669678983827
2.6980476556874793
-1.9847544550330536
4.7105366885758757
7.0259264170177840
-6.8461952106338479
14.2608099645702318
3.1878613368191049
-1.0021790321147661
6.1477731297912008
-4.6042621335202663
14.4312481270372519
4.7754926880888382
7.1227496507766270
4.1406266590254432
2.5412330120983553
-2.1640980644916992
-6.8280621289126477
-4.7701178816756444
0.5771775879705530
10.4997182717107833
4.9849640323355784
7.2019910276812809
9.1026456032173524
-6.9889819616285127
-1.4029369792848696
-6.0748423184236353
-1.3148859344104040
-2.4829194678978248
-3.6038051439271181
6.0368805813893234
-4.7996770945556593
1.4712516980455248
21.5042194208414159
-7.7310905325865225
0.2960514719541858
-3.8436911138770733
2.7496890437973240
-1.5088954465893316
2.1884497472331601
3.7099804690052900
0.0392455803803262
-7.6702821505897330
-4.1498939784614723
-6.0610120947748864
-0.3251505655030802
3.7625985635601795
3.2394870237753155
-5.7523044941000352
5.4945782250572837
-10.0551631820705314
-1.6556135242942496
-2.0046619789585174
12.3659645902556647
6.5416515900755119
0.0584855494530155
3.1077698242584386
2.1340693568220832
2.4538849346367373
2.2193226131960966
-6.9176858884023913
-0.5026914422242312
3.1952662193718622
4.8827097092773686
-2.6638710691501473
-14.7140796575764732
-3.0220369169784429
-0.0504084795454047
-4.5720303435391028
-4.0593551584224903
5.1022137210141683
0.4941807862353009
5.5105321301605352
8.4210096895569535
-2.5881515379750288
-6.5337657718239344
2.2169290860694502
-1.7871311765366618
1.5256315319087479
-5.6994047093768536
4.9715200927641146
-3.0481139187672843
-0.2370997243151360
0.8332584078545378
0.1689637364650591
3.9638631709366816
2.5055793497372658
-0.0893814300659457
-3.1333463560075017
1.6912091610624713
-3.4078745313205809
-16.3728278649976673
-3.8496128058855135
6.5658618059705454
4.0872106671975095
1.7474910348558126
-0.3290366093186645
11.6037922852338315
7.3380391609876536
-11.0899560146142502
-0.4062223888117100
-5.8051743434284520
-0.0296393055385160
9.7201353502167187
-1.4437490948761076
-2.7329999294073550
-6.9232682515230088
2.3721475333093043
-1.5481565019417722
-5.5537872058624966
0.5977547163710704
-0.5464867348468863
1.7497549936783057
6.3551122177924206
-4.9093397345468937
-0.8086893632454153
-1.2933729318664200
5.9910727552015013
2.8315264229132886
7.0054096654812401
5.3024367844609506
-10.5653135657262993
-1.8798586651047875
3.0406984247155480
-4.6932218347745689
-6.9419055101665155
-12.3598193240761791
-2.5354598929459371
-7.9779559807497868
2.2679806211520566
-4.6383525185209677
-7.6983170381982884
1.7765412321275162
4.3449959749081399
-1.8766187685850753
-5.1283470667241948
9.7929549750727425
-4.2042140826834586
5.7165336066792891
3.8390177121874709
-4.5416681578872247
1.4818937846926128
2.1375830794626647
2.0678070005801255
-4.7428190873324896
-4.8229152914132269
-0.9490735805597184
-3.1271631748688744
-15.1929445623676358
8.2996488113954570
-3.0121836248285030
-3.0200474441409675
4.4864188187219769
10.0231234016786122
-4.1583475088265462
-6.9132034798171889
0.9202006719270482
8.4970488623474303
6.5203056443996674
8.2085196162874858
5.9898721230834608
3.1333622407673314
6.5044837231199928
3.1778173649504637
-2.8351537963191062
-2.4053817923515628
-2.3130328315249704
14.8523451102152482
-4.6170145149630706
-9.3078663931864121
8.2095318685071490
-7.8955578947172604
-7.4597673969090854
7.2064014324893542
1.1605231267337253
-1.0156859395608133
3.0746111497791402
1.7524581963434154
4.7594615437485590
-5.0025611599829185
4.6137695958358993
-5.0493853150823664
10.8288302470274829
7.5629016695191744
-4.4149265429600888
-0.1650383359556828
-3.8388096670631482
2.9811411902177380
-0.3051936485573543
-2.7163805173285436
8.4244059862175522
-5.5020790125972603
-7.3075822447093985
-0.5753063543194399
-11.5219939146366990
-6.0216019080594112
-1.7804984824552319
2.3671591705582586
5.4935277993012770
-3.3950370853127350
-5.7476974616391558
-4.2557179183520999
-9.6011930557217404
-4.2255972507342472
11.4714771273392167
-2.4879370191895540
-6.9620723118279990
4.8324266523628028
-9.3534585515160007
1.9568647993755617
-8.3928934021074593
-8.0500608675902008
4.3196829681651501
3.7646174838511679
-5.8170368925339995
-5.1753008061772192
2.5894592532888265
-2.2195310044289229
-4.4748512994092176
-0.1230116161961408
4.7932468032028090
-2.0345591400680001
-8.2201128290992571
1.1089132866249223
3.1066545343746408
-4.1808423038699463
-10.1911770405580171
1.8882975551325800
0.0742985706933954
-10.6981360599925139
-0.6393502856244315
-8.3790097855238876
4.6783335901421328
9.1379345044359539
0.5153542418984727
-9.3059610612427051
-0.2322347303721162
-1.0819211680135603
7.8055813317329301
7.0114500154606034
3.2693888422215247
2.8906984834170695
-1.3125171218499840
8.8191026965605133
0.6881263184299005
5.5159196826744799
6.8803217957545604
-7.0955654138884068
-5.5812904244333188
-2.9093071925704193
-13.0206401307611443
-6.4111359135100159
7.6814728620207475
3.1656663892356276
6.8156707705694339
0.4886273370509597
3.0995290250095797
-1.5286618922377992
-1.9086605298561610
5.3735971667106703
-3.1728345584282844
0.6143864203927951
8.2551323405793493
0.0311416168086938
-0.5060301881085942
-1.3629691800376680
-7.3332595496900215
-8.6640735085175535
-1.7803732427835506
7.3105147500707250
0.8837516668580551
-6.2361761010024708
-8.2433497514721950
-3.2446616151311192
-5.4431097504929591
-11.0003259018457982
4.9541563127423309
6.7141232123289365
3.5191897974749269
3.6688451420647596
7.2159681086214711
-3.4265969366641444
4.1529302089505435
7.4029130986643370
-2.7880721524054151
-0.5012766489310874
-2.4648986213156601
1.4894001665520276
-4.3591212909887416
-0.1241277317272921
-3.5679347716357177
-9.5707135176000975