-1.6929021491739682
8.1627941050111907
2.6502203069049317
1.1694919680622524
-8.3268522038215735
-2.8755308353347875
-4.9955704162394303
-3.1440768487619661
10.4047588071398067
-6.9115823544416486
-4.9888250586170066
2.2562473495542985
0.0312375332466378
12.7687877492486486
9.3357601813837086
-1.2328447620579353
-5.6186345356499459
-10.3910079776179103
1.0579920543076780
-3.8389826879134281
7.3327240549786330
10.7640209016045691
-3.8645805300585829
4.2252368643898564
5.0193662836823574
0.7075433045484429
-4.6375300298801463
-8.5582352795912655
2.6058689958282493
-9.8015275647175208
0.9624786650025641
2.0652264254522361
-6.2717234875857075
1.7887072663776646
2.0376936350377859
-1.3595755971868031
-9.7777587527624501
7.3947574286292976
5.3907087661335797
-2.3037429369424158
-1.4056383839886841
11.0777937583113797
-3.7258664747735666
7.2613505247896857
3.4587867662000824
9.0986221617325906
7.3079647495441016
6.0812851847646705
3.3334890121289558
-9.1981605729257403
5.0494652087198855
-0.8337400868147968
9.9188040578095666
19.4456364545053120
-7.4252382995276518
-10.9407628988749561
-2.9279171069960244
-4.7932909162601991
0.2125157900994286
0.7254307051815081
5.9814864051566454
9.9887762864638603
2.9681894374410360
12.1709657374617599
-4.9279176510221392
-5.7819229453182430
-13.1999819000743379
-1.2952378258389396
3.9542873615890901
-6.2706039961605047
-3.0936697610592865
5.3951480214878726
-10.5408457106931621
2.6573231739288543
-13.6013319240867894
-1.3209669885018551
-13.5078624220813097
-12.3479610135039550
-3.8200298122878640
-12.7994546069617599
1.6945234631310422
11.7318221066666304
-9.9269205454116030
13.1319834951437766
3.0300420741157779
7.5523098943696123
-8.1392285694991795
-2.6236490900745624
-4.2550665783560015
-14.4284946826535379
4.2709609176053789
2.6309848910058555
-2.8606055468276352
11.6727097795964738
-4.8760173268355436
3.3250435548267818
-3.3174416875500095
4.3067241527281093
7.7797535259184336
0.0470254057408859
-4.9540523002334043
4.6720205541627857
-6.7958783707910948
-12.9263929926290295
-3.9142518351182347
-1.2585078754891896
7.9486496500650379
-0.7091798515928924
6.2270165945845442
7.9857523533371095
3.1656505569085724
-2.7663716479877301
-1.8742689291350649
0.7460586715650375
4.9373723377726444
6.1739040730196058
-9.2574122417385301
0.2177069363845128
-4.1081248771518277
4.1750580258563801
10.2458371751212987
8.9908905225407523
3.2807385631934336
5.4131648101612004
3.2380883108297951
1.0506108988867222
1.4141479189638309
-0.6022736973327719
3.7886092490665901
-2.0349038928838219
2.2835876066519023
5.3361081003419990
-1.4925210147058070
3.2223833311951857
5.6986555303260591
3.2598587314264318
-2.7874053871415185
-3.6702129047923528
-2.0935220928732052
-7.1645137363549658
-2.0120051717598337
11.7654622644516991
4.5725770263872807
-1.5289847923840574
7.9632884296045017
-8.4745638942194574
1.9669949840440673
-1.7470700872393761
-7.1407058464246651
-1.2450224964087520
-4.8553931751152088
0.0300294942748680
0.7697978529484057
-0.7115690295339834
4.0992561523495086
1.8827070785499496
2.1316006587300311
-0.0376518276482316
-4.8005247503465753
-11.4863625239590270
3.2483379645910802
4.3355970690487240
2.4243947460043334
9.1977650725005908
1.1433944545272678
-7.2529089891035250
6.2625450449671209
-14.9554207707311821
6.8397489261489532
2.3867726236129059
-5.4319357658175091
9.1909287201771157
-5.8895440977273958
1.1547728313378567
-1.8574709676690198
-5.6282568370299906
-7.4459077799886870
0.6879704042276751
8.0047067911487613
2.5293386301659151
3.9026734515945911
-2.8573062103760836
-5.4190089577391412
5.8862312680824083
0.2670275993603559
-3.3410414403792847
0.4360902775604156
-9.3362010074683965
4.4806140087196615
-6.9706864781517854
0.3300079600892540
-1.6812151644394748
4.7877361846773718
-0.0412016446163725
-0.4426285839601047
-9.8063321786865565
-5.7455359389608613
3.9439864708552914
8.5358641479665600
-2.5040000513018175
3.3868822310551110
-1.3180475628490695
-0.9291394215308675
11.5881671262587300
-4.3708949455110373
10.7815884127248331
-4.0939535800534550
-4.3484533584524829
0.4104496262499868
-4.3849046361190585
1.6858016536004836
0.7099533190823486
0.9519052403448229
2.3652561211081622
1.1011680765809695
4.6201801403349663
-11.0761696553120430
-11.0039117100714279
3.8326955713307020
-1.4663448498437210
-2.0926439226902871
2.9750163761385933
-4.1327368044476689
3.5648258989694126
8.1132079366325414
0.2153383368294739
-5.7295109403817444
-3.1867242887514471
3.1145185600452310
2.5041985130367994
4.2286900471755491
-1.1306580529007695
-0.1695433297953008
2.9819507919850472
0.8048754579913001
-1.0541893860129354
-7.1030710968990256
-7.0479816722231146
-6.0626589805667308
-1.4197804258095585
1.9176733702364368
-1.8897771247024355
1.0322369680763828
0.6730214664617762
0.2270783789427284
1.3997638473938603
9.0082918582922797
-3.0900464288741212
3.1549822497238535
-8.9967908237340151
3.7026404312485077
4.0082377266993028
11.9153776963451179
1.6149566541251339
13.2941818086448098
4.7767797085004560
-3.0010254355158850
-8.7021583877998463
-9.5003642598421916
-6.3248498924209855
2.9069442035910580
12.5111362095397496
-7.6449833631006641
0.9994709808171336
-2.9565523951566925
2.3151757888795172
3.4740066984470852
0.6375578876525472
-9.0208684226883058
-9.5230614376482148
7.3316224003931003
-2.2601360847155205
-4.5578658150604809
10.2825468299384291
-0.1058455162734160
-9.4529680519628609
-0.8320678873293645
-3.0298648483552189
-13.5694227942223744
-16.2501149233279172
2.0421970520416188
10.0957916293914742
-10.9023248099161609
3.9895751696363808
1.8011991126474067
4.5940432398232236
-7.6008972495953184
1.2072313303105993
13.3507650702243268
0.0733339495994114
-3.1152277049153332
8.9565294272708016
-6.5938237252790346
8.6932269574609897
7.9186889214576359
-0.4613876757179387
-2.6548262408210790
-1.2126406655651383
-0.6414033036290618
-5.4034356969887849
-9.1584316168002378
7.3890706874487622
-6.7604324007649712
2.2622778013045703
0.2683102319978605
-6.7186688229788167
-10.2799569625643397
-6.9682025147410691
2.8633964613403102
-13.7052982759134530
-4.3977337768883791
10.3245040625521032
-1.4864710356423547
-4.2560977660323385
-2.0639011528169613
10.5212101773163074
0.4969058084205722
3.2611277394445941
0.2885452731207263
-13.4194817324462932
10.0229158766956488
1.2682502133718483
-1.5141817747612041
8.2838913598700152
10.8266514499145501
-0.9125202534069832
-10.5915467278259392
-4.0883525480244582
7.1987875435419788
7.2195857852048926
-3.3104244984299704
10.9429539899189709
1.2303088246722178
8.9642272997226460
-4.7098177635199558
1.6738589172565388
-5.2324521645682367
-3.8085973667686570
8.0170194972147932
1.8241068617675529
4.0794049625762980
12.3026319170455878
3.4427344602871486
5.1647183974379720
-0.7144247207994086
-1.9198307591528407
-0.9827220002584931
-8.2736794389622581
1.1797644034867159
-8.2707469254165815
6.2181733947013171
-2.0254163096660611
-3.5744825155143265
-0.3958338242282087
-2.1614760927075949
-8.1385353359859796
1.0976212672489116
-7.2234909489936223
-0.9264911999674423
-3.7450501987028511
7.3134522364669268
2.9169502170192012
-0.2469006825732479
2.6632486231455150
9.5716338500453251
5.0969441893129224
-2.6588571638069523
0.7604945249327710
10.7650078963092071
2.2732748618155636
9.8760189073006952
11.7507138195661867
1.7205946420017129
13.2116793001528698
-0.6344643405651915
1.6647453299737998
7.3875964930964475
-1.6596919450979966
-2.3458714984584930
-13.6821031565245725
6.7020649649172821
4.9550304987623290
4.0183439913031140
-4.2683614334649551
9.0113874738713093
0.2908035737589838
-6.1042886100631639
-12.0438355833342072
-1.2694880544716940
-2.6336281535818058
-3.6702286369572747
7.2596253961693531
-2.6663587876759585
-7.2496548025748400
7.0544849021582854
10.8867417405774063
1.6704773304142972
3.5470053218036779
3.0374398955747082
-15.1595038590270832
1.3430946790431229
8.5304760800906614
6.0548708869594163
5.2764285585108102
0.6207980407310494
1.5244260730136019
0.7857374835227453
8.1409267344687883
9.6379764869500733
-1.6301072297250614
4.1096008037278899
12.5974273539046280
7.7210833061640134
3.7620958578026831
0.5437835108111946
1.7910030480915189
-9.0091142125685355
-5.7246343973721689
15.1833067084320987
-5.5394308484222661
9.0963404731842061
10.2945622153618572
7.6091744670595052
6.9206631466971782
1.9278154075735110
-5.4144494418337459
-6.5633754974998748
-9.3353044789680091
-0.7202327673616143
-14.9025752160550944
5.1553772708030472
-2.1389285671381786
-3.1232576726015306
5.6519432494186015
6.5914178358153208
3.9001457458241884
-10.4286855548446908
-14.5429310810953645
11.8065305851691704
0.1221637247239142
-0.2243747776104634
10.7406581160210042
-8.3707063614849559
0.3049217498490204
-4.4494849084975625
6.0727377350317697
-1.4806355215183633
0.1369163419904115
-1.1871532346666074
-3.8884664833215266
2.0380609236427061
11.4882171527146646
2.3545292441273267
4.3200584502249102
9.9802020749826958
2.6008700555374737
3.6214153018751238
3.1494888096551330
1.7152086404344373
2.2621659468198345
1.7995649927766373
1.3907778943210465
3.2654780958751450
-2.1573489142594728
-2.1002049529649112
-0.0098355811814175
-2.6951287917769169
1.0104595774862952
6.6919310968746277
-6.3625555118958808
3.6239869769852926
-1.8038506115591115
-3.8372312650798044
4.7449199453261466
7.5099323074715123
-7.4753246329702741
-5.0403917272542964
-13.6692185093800411
-14.6687161146545648
-5.2667243599855160
4.1741699798204657
5.2843743934165834
0.6233056201810290
-3.2743358970493688
0.8737373167155762
10.3423633761634459
10.5485637834385244
-5.1237116547960593
0.7511247253665401
5.2187469500940962
-4.6136991647448129
6.4708896438945667
-1.3826072697374205
18.2938227049486812
0.0171538339917725
10.0279513739277188
0.7517067247853544
7.2015918391488967
4.1894054091511936
-0.0606315121579581
-2.4490980030779510
2.7241890378949600
-3.5286918979621085
-1.6306989183565554
-4.2257859826851849
5.1117034897265254
-8.4641028552531150
-2.7535658131311531
3.6101780778769665
-8.3544487329651691
-6.5249166408135402
8.2071160719386356
-10.0825515392182865
-7.4551853599263795
-3.2815820451358961
-3.3057915697233309
-2.8211879226466148
-11.4269666339488083
4.8152495681079470
-4.0799010677407201
3.6041225803979255
11.3872322960558297
2.0158808946689906
7.6591863367596797
7.4994663382182196
-5.3214369905938890
4.0309576247426762
-0.5638177652659269
12.2535752723649516
-2.4659471668839785
2.3704313277643463
2.3466716290869156
4.7902682311675093
2.6046607254439067
6.5976364717818292
8.9469605840571784
-2.1494842823715663
-8.0507373688097807
1.7382637694095986
-2.8256895249746319
-3.7388752674865429
5.3606777203726335
6.9813470863335247
-1.0787461746365845
6.7680930396474723
-1.9127070734343961
-2.0944588961396402
-4.1525863977544359
1.9295944765661708
-4.8962279769486630
1.6911825431069327
2.0374249394889357
-6.1381378817249086
-1.0501864058293771
8.7200871319414457
-0.3849507164752355
-5.4244171266824299
-3.9774956465223377
-1.0866544857223925
-12.3657583183760735
9.4740209346497188
-0.9283260726158735
-0.0632404045566668
2.4729801672874179
0.1973517135862859
-1.5703512920006801
-3.9885740135273147
-0.1004189415105148
3.3605174883878997
-7.7407151921841280
-3.1040592127270270
4.9120975478258826
0.1244610830612003
0.2612784633965362
12.6707187014978366
1.2815119420011305
-3.9279251677587776
-12.8934021102168579
-7.1921109436176263
-10.6482097565596447
-5.4818223608703631
8.0976680457816954
-2.4714555681067467
3.3153394134199079
-7.9131632994827577
0.3372137442011491
-0.2558617419886757
-13.2307759678147008
-2.2580585957019181
-12.7764746347609446
-13.3280690600746397
-1.0183557642365679
-3.3449807212221421
-0.4781608149618182
-3.9234753285206421
-2.0341502738320227
-14.7540314541315212
-5.1236662928545744
1.3931998838966888
-8.0922510636062928
2.1291444109451687
-0.0860491005804525
3.1589194514060952
0.4554069938566481
1.5939292825002300
-1.2493384018943527
-6.7529152472339762
2.0672428105373104
4.0191142003529441
-0.2319414273452098
-1.4007853911589938
8.5175765701757733
4.1612299583991437
7.5566607756117623
6.1489984889733069
-6.1440540503687906
-5.9129586244173113
-15.1672723674384038
3.1380776274060023
-6.6649804053042612
-1.3047622065939988
3.7977992471999835
-0.7892156761489688
7.0278528717130442
0.4767117799987487
0.7476747600908908
1.2743225135584324
-1.8454610853092834
-2.6887959734531326
-10.8076179315202445
-2.5344616910450459
3.0675868346842021
-0.9289920538030954
0.0102033880879625
-5.0436122956849969
-6.6889720934442591
-2.6719005275670624
1.2317363459214850
-1.9848142574889787
1.0928050398006555
-1.4768380891080235
11.4446287948121821
0.1064026581576808
-1.8226829217087035
0.4860215204929967
4.1333802095304106
-5.8408380617633009
-2.2292407558084841
5.2722786613356583
-0.2685211291265657
3.8081624465121138
2.7109192238615760
-8.5263438137694987
7.3737031238487107
1.8879679994820884
2.9346872896972886
0.2389024900547091
3.4061675044890714
6.8445965898360290
-10.5703556992392631
7.9530783247105887
-0.1454735534307754
-8.5025067913801209
-9.9082381574541856
2.2684088863103380
-0.8937093767163734
-4.5426196817070457
-16.3420213554145128
-0.9900700738788970
3.6980679460354935
0.1361389852661112
3.4047603452634521
9.7793442849262355
-3.4676367763096954
-5.0371335344224608
0.1485209282280444
4.1671557003634518
-4.9374738932103392
5.1201362131579256
-3.9303807053183561
2.7238937322720118
-3.7207761340349119
-2.3258154845134538
-1.3745603535690893
-2.4839602410648931
16.3148976401591632
-1.2891066844801116
-8.0785465534180485
-0.4866574239102861
-6.1112161207123412
-7.1029050503512750
3.2538333897882352
-10.1391388506551188
4.1241011007453734
-3.1657534965301517
0.5121831344699929
-0.6590037517667289
1.8592860082545264
-12.0240403781235923
-1.8614840197481906
-0.4959785936344391
5.7065938790268316
-1.8620709736569196
6.7424913348683200
9.4827323336727911
6.5280766947144580
4.9375002002186497
-12.3902461308276397
-3.2364859938531971
-10.1953760058176055
4.4804465553396193
4.3295092690073700
-9.2902828569116860
4.6600973609110365
9.5866684960346600
-4.9885443077085689
-0.7190621870397016
-2.3719211470865518
1.4042300184889551
-13.8679780681864653
-1.7784501556232413
17.3327462382697419
-7.7265282320175919
6.6213391794220913
-0.8485147286994286
7.9109330397813480
-0.4470473646525219
-2.8552628292523288
5.4493904344671655
3.4554904236255175
-0.3279227052137255
13.3274699067261402
-2.5026765525039041
5.8823864062937830
-2.0140487933926874
3.3285392677818466
10.1364903557888013
4.7413308055630434
-0.8101644627772435
-4.7232986460343946
-6.7264872846976074
-1.4648875493981932
-5.5059885240511743
2.4270113702591267
4.1157142344767523
1.6450322908447179
-0.4263359429963951
4.1656796381019143
5.2575743491282765
-3.2622685979848107
4.3682656562563826
3.8750424463925661
-8.7877506037692861
-5.8693290629792632
8.5356050652898787
-6.4530525569155026
2.0324466855661196
-2.4426057507833185
-6.9946774205363731
-3.5993375800628988
0.0341859022105083
11.9785572009001644
1.2495980755729723
1.3443972754531135
3.8271166041007367
1.8452028013903550
4.4044686913908500
-5.6281073441175682
3.4337764371339463
6.2093427092298699
8.1362384234879119
7.6132635620277274
6.5929468863256169
4.3038776762160280
1.5910681948329404
6.6123280026056008
5.8563247756413883
3.0576196001142240
-8.4898971100669165
2.0033134128672869
5.6274371047586582
2.6799935554220320
-4.2058595371446765
6.2265951832287261
8.1967467957665612
-4.4789487928437506
-5.1361093277415604
-4.4082884988433415
1.2687694224256247
-15.0224266758501255
3.8040818330839223
14.7451732550397541
-1.1684730283379110
0.0067080705216941
0.6319661632763268
4.9746713431521528
-7.0260508256127654
-0.9309805544460290
0.9110170084015763
3.4500471268545319
1.9216075530764172
-0.5311037853745839
1.6016281462760680
-1.9223563409553099
5.2318591462819661
1.4373767597182936
-8.8547752914827882
-0.4738257883807919
15.1840148563656498
-11.9924896581476759
1.9247380967403187
11.4955572831678801
-1.4527897609665077
2.8275044611046956
4.4739725194628850
7.5036123073623262
-7.2863211379342188
-3.6760858630906750
10.2685432917895518
-6.1901857453340066
-0.5100079892309127
4.4065550692572293
-4.9344069744049115
-1.5630454141237713
6.1659525731150175
2.5487275947013188
1.1605607861916667
-10.7436250474509905
0.6763312248576812
1.9932397599584526
1.3844976763629915
0.2962151658436849
-4.2754154891178713
3.8974534138435102
3.0948330895636937
10.7143699062373159
-6.2534553311980590
-0.1846826931173839
1.0971657804079995
-11.5969940967494463
1.1399342078987971
-4.1648500572092164
2.6864314275502528
-3.5535685572933060
-0.6465187305250706
-2.3507192074073542
0.3240138282473596
1.2880668732293237
2.2513596534293634
-6.5178963070019291
10.2457913706825199
4.8354416204738246
-1.2007098519352724
14.0597553487069469
4.5505395663929189
2.8343186222203798
-5.1942280138952412
-2.4884255895415324
3.0710103515694733
-2.1340932994729336
3.2999067455547886
-4.1237119002859171
-3.3432195612323610
3.8654709114043575
-4.1563238486094427
2.6143734125250928
-8.0702294716715350
4.1602725304804400
8.2845808554739886
-14.7320787442332293
-4.9507930092194128
-1.4432505626257552
-7.2115611851766817
4.6786909294851844
-2.0839927353238759
-10.3464437611395148
-0.8386457308539916
2.1367563590421668
12.3895096187930349
-9.4595312990777600
-0.3512752558183885
8.0078244905447242
0.4191289854422394
1.1564894440123084
3.9913562306299255
-4.1945938856780316
0.3431810014437477
1.7064725293719958
-0.4296903859173509
-9.4844661869591889
-6.3494206867683083
9.1002054552221079
4.2686590504061703
-5.1554482581046663
7.0705593998644662
5.2846834998661931
4.5583045562359361
5.0725578863741694
7.0218222260881724
4.0691278894748111
3.5098649855600277
6.9885095005699576
-7.5504403024426008
13.1169731933963547
-2.4864711591991013
-7.6489017766636067
-2.1374485379361148
-5.9755589352196656
-8.6083032266760018
-3.8222094532411131
-3.7625482696749240
7.0353358844922171
-8.3322220485964724
10.2856391818084170
-6.3299019195568915
7.2333063951349530
-9.6660558084535602
2.8545982121357341
-2.8674212114721254
-4.2588849867682361
-7.3822562804920100
3.3871915649425990
7.8441943222585842
2.6952450799270986
11.2358265679519960
-6.9620453394023478
10.0959059977395373
-6.7046710112970391
1.7053158714809584
-6.5073582091804276
0.9521785064296955
6.3296760701750445
1.5536601436305493
12.5518084286580400
1.1723548203016425
3.8544457284475340
9.6708962354684012
-4.7201119278323871
-5.4566969156435867
-3.8655770700194800
-0.4991291663810462
5.6546096089510183
-2.7221357542351954
8.5266883590210494
5.8385385425262637
7.6536433354757465
-1.1892297866255834
4.5495042761603184
2.8953706738807719
-8.6131351482724305
-10.2691215347620322
0.9654612276166854
-5.3179938579161945
-0.3884226419517207
3.0196234606656489
-1.9496131522964175
-2.5313156806227566
-3.2804572417926918
14.2187915800927076
4.2636055416357923
2.6102656717316073
6.6715100101343587
1.0456471831806440
-4.7650251921456075
4.0635888783542686
-1.7116267770435942
-6.8895564219489573
-2.8080036348574202
7.0533843522010340
-6.1229380659749726
1.2604623443012939
3.5216477932922370
-2.2741086891334095
6.8902356896122283
8.2970479924626908
1.7923070927120319
3.7031880045473846
-9.0470870676634565
11.9404036897871091
1.0922537015009617
-10.8872489955436969
-1.4110185534493507
-11.0177383621629712
0.9984055570425586
-10.9064406114329664
5.6612612991554307
1.0775444744174885
-16.6936167018355839
8.8757128519136579
-2.3355454030408715
-7.8380096797637684
-1.3219775511103449
-3.4473695398306430
4.2293378447952001
-7.2156965915273883
-1.9643827441257877
-9.0327880726847738
-0.1027828067274514
-14.2481783141360125
-16.2622934701145141
