1.440866546630859375e+02
1.440860900878906250e+02
1.440874786376953125e+02
1.440885772705078125e+02
1.440875091552734375e+02
1.440839385986328125e+02
1.440845642089843750e+02
1.440856018066406250e+02
1.440843200683593750e+02
1.440847167968750000e+02
1.440855560302734375e+02
1.440870513916015625e+02
1.440868988037109375e+02
1.440870513916015625e+02
1.440878143310546875e+02
1.440867004394531250e+02
1.440880584716796875e+02
1.440885467529296875e+02
1.440881042480468750e+02
1.440879821777343750e+02
1.440889282226562500e+02
1.440882263183593750e+02
1.440897521972656250e+02
1.440875091552734375e+02
1.440879821777343750e+02
1.440868835449218750e+02
1.440867614746093750e+02
1.440863494873046875e+02
1.440876770019531250e+02
1.440862884521484375e+02
1.440875091552734375e+02
1.440874023437500000e+02
1.440881042480468750e+02
1.440879821777343750e+02
1.440872802734375000e+02
1.440885314941406250e+02
1.440878143310546875e+02
1.440884857177734375e+02
1.440890655517578125e+02
1.440874786376953125e+02
1.440879058837890625e+02
1.440894012451171875e+02
1.440893707275390625e+02
1.440885314941406250e+02
1.440886535644531250e+02
1.440882415771484375e+02
1.440888519287109375e+02
1.440899505615234375e+02
1.440899505615234375e+02
1.440885009765625000e+02
1.440881958007812500e+02
1.440878753662109375e+02
1.440880584716796875e+02
1.440892028808593750e+02
1.440892333984375000e+02
1.440905151367187500e+02
1.440900268554687500e+02
1.440912017822265625e+02
1.440918731689453125e+02
1.440903472900390625e+02
1.440884857177734375e+02
1.440888519287109375e+02
1.440865631103515625e+02
1.440888214111328125e+02
1.440880279541015625e+02
1.440879974365234375e+02
1.440906829833984375e+02
1.440918426513671875e+02
1.440916748046875000e+02
1.440904541015625000e+02
1.440916442871093750e+02
1.440906829833984375e+02
1.440890350341796875e+02
1.440886535644531250e+02
1.440906677246093750e+02
1.440915985107421875e+02
1.440930328369140625e+02
1.440913848876953125e+02
1.440916442871093750e+02
1.440912017822265625e+02
1.440910491943359375e+02
1.440920715332031250e+02
1.440909423828125000e+02
1.440906829833984375e+02
1.440898742675781250e+02
1.440910644531250000e+02
1.440904541015625000e+02
1.440910949707031250e+02
1.440906219482421875e+02
1.440913391113281250e+02
1.440903472900390625e+02
1.440916442871093750e+02
1.440899505615234375e+02
1.440932312011718750e+02
1.440920410156250000e+02
1.440924224853515625e+02
1.440919189453125000e+02
1.440916900634765625e+02
1.440926666259765625e+02
1.440916442871093750e+02
1.440923461914062500e+02
1.440905151367187500e+02
1.440918884277343750e+02
1.440907897949218750e+02
1.440904693603515625e+02
1.440907135009765625e+02
1.440890960693359375e+02
1.440889282226562500e+02
1.440895233154296875e+02
1.440902557373046875e+02
1.440901947021484375e+02
1.440897216796875000e+02
1.440904541015625000e+02
1.440904693603515625e+02
1.440903930664062500e+02
1.440892944335937500e+02
1.440904998779296875e+02
1.440900726318359375e+02
1.440885314941406250e+02
1.440893554687500000e+02
1.440895233154296875e+02
1.440894622802734375e+02
1.440895538330078125e+02
1.440887451171875000e+02
1.440888671875000000e+02
1.440909271240234375e+02
1.440905761718750000e+02
1.440884246826171875e+02
1.440888214111328125e+02
1.440882263183593750e+02
1.440869445800781250e+02
1.440879364013671875e+02
1.440886840820312500e+02
1.440887298583984375e+02
1.440886230468750000e+02
1.440882720947265625e+02
1.440885314941406250e+02
1.440883636474609375e+02
1.440898284912109375e+02
1.440881042480468750e+02
1.440893707275390625e+02
1.440909423828125000e+02
1.440897216796875000e+02
1.440897064208984375e+02
