2.088657836914062500e+02
2.088256072998046875e+02
2.087705841064453125e+02
2.087329101562500000e+02
2.086983947753906250e+02
2.086627807617187500e+02
2.086573638916015625e+02
2.086791992187500000e+02
2.087026367187500000e+02
2.087070312500000000e+02
2.087222290039062500e+02
2.087471771240234375e+02
2.087368316650390625e+02
2.087345275878906250e+02
2.087369384765625000e+02
2.087264099121093750e+02
2.087423248291015625e+02
2.087722015380859375e+02
2.087994537353515625e+02
2.088322143554687500e+02
2.088729095458984375e+02
2.089098815917968750e+02
2.089463653564453125e+02
2.089646759033203125e+02
2.089742126464843750e+02
2.089751892089843750e+02
2.089610900878906250e+02
2.089351501464843750e+02
2.089307250976562500e+02
2.089388732910156250e+02
2.089609527587890625e+02
2.089747314453125000e+02
2.089998474121093750e+02
2.090415039062500000e+02
2.090645904541015625e+02
2.090829010009765625e+02
2.091122894287109375e+02
2.091132812500000000e+02
2.090976562500000000e+02
2.090928039550781250e+02
2.090959472656250000e+02
2.091183929443359375e+02
2.091348419189453125e+02
2.091450042724609375e+02
2.091629180908203125e+02
2.091749725341796875e+02
2.091733093261718750e+02
2.091926422119140625e+02
2.092129211425781250e+02
2.092032165527343750e+02
2.091963958740234375e+02
2.092060699462890625e+02
2.092316894531250000e+02
2.092599945068359375e+02
2.092701263427734375e+02
2.092694549560546875e+02
2.092915649414062500e+02
2.093072357177734375e+02
2.092879028320312500e+02
2.092667083740234375e+02
2.092449645996093750e+02
2.092226867675781250e+02
2.092308044433593750e+02
2.092290191650390625e+02
2.092417907714843750e+02
2.092835845947265625e+02
2.093090515136718750e+02
2.093284912109375000e+02
2.093497619628906250e+02
2.093657989501953125e+02
2.093903503417968750e+02
2.094092407226562500e+02
2.094055633544921875e+02
2.094087829589843750e+02
2.094244079589843750e+02
2.094384307861328125e+02
2.094392547607421875e+02
2.094178314208984375e+02
2.093827209472656250e+02
2.093440704345703125e+02
2.092931823730468750e+02
2.092426910400390625e+02
2.092017669677734375e+02
2.091570281982421875e+02
2.091089477539062500e+02
2.090561828613281250e+02
2.090071105957031250e+02
2.089700469970703125e+02
2.089465332031250000e+02
2.089437561035156250e+02
2.089537506103515625e+02
2.089733734130859375e+02
2.090076751708984375e+02
2.090606231689453125e+02
2.091108398437500000e+02
2.091709594726562500e+02
2.092171478271484375e+02
2.092561492919921875e+02
2.092854614257812500e+02
2.093143615722656250e+02
2.093521728515625000e+02
2.093963775634765625e+02
2.094376983642578125e+02
2.094754028320312500e+02
2.095066375732421875e+02
2.095259704589843750e+02
2.095249328613281250e+02
2.095360565185546875e+02
2.095470581054687500e+02
2.095570220947265625e+02
2.095670471191406250e+02
2.095841217041015625e+02
2.095914916992187500e+02
2.096118011474609375e+02
2.096395263671875000e+02
2.096860961914062500e+02
2.097474060058593750e+02
2.098063507080078125e+02
2.098370208740234375e+02
2.098812866210937500e+02
2.099258880615234375e+02
2.099675903320312500e+02
2.099866943359375000e+02
2.100121459960937500e+02
2.100325775146484375e+02
2.100381011962890625e+02
2.100388031005859375e+02
2.100457763671875000e+02
2.100489044189453125e+02
2.100619659423828125e+02
2.100766448974609375e+02
2.100932464599609375e+02
2.101285858154296875e+02
2.101666870117187500e+02
2.101944274902343750e+02
2.102053222656250000e+02
2.102082366943359375e+02
2.102105560302734375e+02
2.102215728759765625e+02
2.102355041503906250e+02
2.102677612304687500e+02
2.103220520019531250e+02
2.103862152099609375e+02
2.104406890869140625e+02
