9.084995117187500000e+02
9.085726318359375000e+02
9.086381835937500000e+02
9.088624267578125000e+02
9.090071411132812500e+02
9.090943603515625000e+02
9.091872558593750000e+02
9.092212524414062500e+02
9.093192138671875000e+02
9.094894409179687500e+02
9.095754394531250000e+02
9.097025756835937500e+02
9.097299194335937500e+02
9.097653808593750000e+02
9.098270874023437500e+02
9.099783935546875000e+02
9.100606079101562500e+02
9.101135253906250000e+02
9.102152099609375000e+02
9.102417602539062500e+02
9.103182373046875000e+02
9.100080566406250000e+02
9.098405761718750000e+02
9.098148193359375000e+02
9.097805175781250000e+02
9.098986816406250000e+02
9.097109985351562500e+02
9.095745239257812500e+02
9.094534912109375000e+02
9.093198242187500000e+02
9.093347167968750000e+02
9.092578125000000000e+02
9.091331176757812500e+02
9.089891357421875000e+02
9.088874511718750000e+02
9.088532104492187500e+02
9.088264770507812500e+02
9.087855224609375000e+02
9.086593627929687500e+02
9.086965942382812500e+02
9.087047729492187500e+02
9.086897583007812500e+02
9.086937255859375000e+02
9.086050415039062500e+02
9.085740356445312500e+02
9.085913085937500000e+02
9.086078491210937500e+02
9.086434936523437500e+02
9.086578979492187500e+02
9.086804199218750000e+02
9.086234130859375000e+02
9.087506103515625000e+02
9.088474731445312500e+02
9.088995971679687500e+02
9.089553222656250000e+02
9.090030517578125000e+02
9.090695800781250000e+02
9.092698364257812500e+02
9.094284057617187500e+02
9.095126342773437500e+02
9.095523071289062500e+02
9.095744628906250000e+02
9.095854492187500000e+02
9.096840209960937500e+02
9.097386474609375000e+02
9.097532348632812500e+02
9.097313842773437500e+02
9.097467041015625000e+02
9.097791748046875000e+02
9.098438110351562500e+02
9.098898315429687500e+02
9.099155273437500000e+02
9.099172973632812500e+02
9.099136352539062500e+02
9.099258422851562500e+02
9.099812011718750000e+02
9.100268554687500000e+02
9.100346679687500000e+02
9.100555419921875000e+02
9.100894165039062500e+02
9.101323852539062500e+02
9.102135620117187500e+02
9.102609863281250000e+02
9.103059692382812500e+02
9.103569335937500000e+02
9.103722534179687500e+02
9.104123535156250000e+02
9.104661254882812500e+02
9.105148925781250000e+02
9.105563964843750000e+02
9.106121826171875000e+02
9.106619262695312500e+02
9.106741943359375000e+02
9.105580444335937500e+02
9.105045776367187500e+02
9.104962158203125000e+02
9.105156860351562500e+02
9.105715332031250000e+02
9.105242919921875000e+02
9.104556274414062500e+02
9.104127807617187500e+02
9.103549804687500000e+02
9.103441162109375000e+02
9.103429565429687500e+02
9.102160034179687500e+02
9.102415161132812500e+02
9.102087402343750000e+02
9.102135620117187500e+02
9.102014160156250000e+02
9.101554565429687500e+02
9.101083374023437500e+02
9.101555786132812500e+02
9.101746826171875000e+02
9.101755981445312500e+02
9.101705932617187500e+02
9.101289672851562500e+02
9.101321411132812500e+02
9.101390380859375000e+02
9.101719360351562500e+02
9.102084960937500000e+02
9.101999511718750000e+02
9.102018432617187500e+02
9.101773071289062500e+02
9.102214355468750000e+02
9.102176513671875000e+02
9.102119140625000000e+02
9.102031250000000000e+02
9.101672973632812500e+02
9.101542968750000000e+02
9.102534790039062500e+02
9.103485717773437500e+02
9.103881835937500000e+02
9.103970336914062500e+02
9.104102783203125000e+02
9.104461669921875000e+02
9.105531616210937500e+02
9.105900878906250000e+02
9.106527099609375000e+02
9.106710815429687500e+02
9.106516113281250000e+02
9.106674804687500000e+02
9.107285766601562500e+02
9.107369384765625000e+02
9.107625732421875000e+02
