2.915754699707031250e+02
2.916020507812500000e+02
2.914009094238281250e+02
2.913246459960937500e+02
2.911299133300781250e+02
2.908308105468750000e+02
2.906392211914062500e+02
2.904912414550781250e+02
2.903724670410156250e+02
2.903600158691406250e+02
2.904662170410156250e+02
2.906846008300781250e+02
2.908307495117187500e+02
2.910667114257812500e+02
2.914457702636718750e+02
2.918147583007812500e+02
2.921343383789062500e+02
2.924784240722656250e+02
2.927775878906250000e+02
2.930086059570312500e+02
2.932300415039062500e+02
2.933941650390625000e+02
2.935583190917968750e+02
2.937381286621093750e+02
2.939077758789062500e+02
2.940962524414062500e+02
2.942618408203125000e+02
2.944369201660156250e+02
2.946383056640625000e+02
2.948744201660156250e+02
2.951239013671875000e+02
2.953356933593750000e+02
2.955085144042968750e+02
2.956613464355468750e+02
2.957993774414062500e+02
2.959361572265625000e+02
2.960526428222656250e+02
2.961249084472656250e+02
2.961589355468750000e+02
2.962073669433593750e+02
2.962250976562500000e+02
2.961820068359375000e+02
2.961322631835937500e+02
2.960186462402343750e+02
2.958413696289062500e+02
2.957108764648437500e+02
2.955542602539062500e+02
2.952578125000000000e+02
2.949718322753906250e+02
2.946712341308593750e+02
2.942988891601562500e+02
2.939856567382812500e+02
2.936536560058593750e+02
2.932094726562500000e+02
2.927058715820312500e+02
2.921619873046875000e+02
2.916177978515625000e+02
2.911583251953125000e+02
2.906846923828125000e+02
2.901809387207031250e+02
2.896093444824218750e+02
2.891771240234375000e+02
2.888994445800781250e+02
2.887803344726562500e+02
2.887326660156250000e+02
2.886787719726562500e+02
2.884284362792968750e+02
2.881112670898437500e+02
2.878633422851562500e+02
2.875604248046875000e+02
2.873270568847656250e+02
2.872233581542968750e+02
2.871553649902343750e+02
2.872341918945312500e+02
2.872867126464843750e+02
2.872736511230468750e+02
2.872077331542968750e+02
2.871497497558593750e+02
2.871424865722656250e+02
2.870598754882812500e+02
2.869718933105468750e+02
2.870848083496093750e+02
2.871971130371093750e+02
2.871464843750000000e+02
2.871169738769531250e+02
2.871614990234375000e+02
2.872206115722656250e+02
2.873016662597656250e+02
2.874003906250000000e+02
2.875108642578125000e+02
2.876038208007812500e+02
2.876686096191406250e+02
2.877206726074218750e+02
2.877597351074218750e+02
2.877566528320312500e+02
2.876912231445312500e+02
2.876000061035156250e+02
2.875163574218750000e+02
2.875085449218750000e+02
2.875442199707031250e+02
2.874905395507812500e+02
2.873802795410156250e+02
2.873124694824218750e+02
2.872992553710937500e+02
2.872890014648437500e+02
2.872003784179687500e+02
2.870054321289062500e+02
2.868879089355468750e+02
2.868708190917968750e+02
2.868903503417968750e+02
2.868831176757812500e+02
2.868636779785156250e+02
2.868401489257812500e+02
2.868026733398437500e+02
2.867061462402343750e+02
2.866150207519531250e+02
2.866312561035156250e+02
2.867117919921875000e+02
2.867600708007812500e+02
2.867381591796875000e+02
2.867119750976562500e+02
2.866768188476562500e+02
2.865798645019531250e+02
2.864738769531250000e+02
2.864039001464843750e+02
2.863649291992187500e+02
2.863558044433593750e+02
2.864029846191406250e+02
2.865099792480468750e+02
2.866706848144531250e+02
2.868129882812500000e+02
2.868825073242187500e+02
2.869070129394531250e+02
2.868985290527343750e+02
2.868565368652343750e+02
2.867742614746093750e+02
2.866466369628906250e+02
2.865541992187500000e+02
2.865378112792968750e+02
2.865416870117187500e+02
2.865241699218750000e+02
2.864803771972656250e+02
2.864005126953125000e+02
2.863161621093750000e+02
