0.0    288.1    101325
0.5    284.9    95461
1.0    281.7    89876
1.5    278.4    84559
2.0    275.2    79501
2.5    271.9    74691
3.0    268.7    70121
3.5    265.4    65780
4.0    262.2    61660
4.5    258.9    57752
5.0    255.7    54048
5.5    252.4    50539
6.0    249.2    47217
6.5    245.9    44075
7.0    242.7    41105
7.5    239.5    38299
8.0    236.2    35651
8.5    233.0    33154
9.0    229.7    30800
9.5    226.5    28584
10.0   223.3    26499
10.5   220.0    24540
11.0   216.8    22699
11.5   216.6    20984
12.0   216.6    19399
12.5   216.6    17933
13.0   216.6    16579
13.5   216.6    15327
14.0   216.6    14170
14.5   216.6    13100
15.0   216.6    12111
15.5   216.6    11197
16.0   216.6    10352
