2021	01	13	00	30	00	1.5333333333333332
2021	01	13	01	00	00	0.9842857142857143
2021	01	13	02	00	00	0.8566666666666668
2021	01	13	02	10	00	0.93
2021	01	13	03	00	00	0.8750000000000001
2021	01	13	03	40	00	0.7814285714285714
2021	01	13	04	00	00	0.80375
2021	01	13	04	40	00	0.88
2021	01	13	05	00	00	0.655
2021	01	13	06	00	00	0.5487500000000001
2021	01	13	06	10	00	0.6171428571428572
2021	01	13	06	20	00	0.598
2021	01	13	06	30	00	0.6200000000000001
2021	01	13	06	40	00	0.79375
2021	01	13	06	50	00	0.7585714285714287
2021	01	13	07	00	00	0.71375
2021	01	13	07	10	00	0.74
2021	01	13	07	20	00	0.8714285714285713
2021	01	13	07	30	00	0.8049999999999999
2021	01	13	07	40	00	0.7628571428571428
2021	01	13	07	50	00	0.6699999999999999
2021	01	13	08	00	00	0.6614285714285716
2021	01	13	08	10	00	0.7100000000000001
2021	01	13	08	20	00	0.7757142857142857
2021	01	13	08	30	00	0.7199999999999999
2021	01	13	08	40	00	0.7885714285714285
2021	01	13	08	50	00	0.7485714285714286
2021	01	13	09	00	00	0.7057142857142856
2021	01	14	01	00	00	1.1125
2021	01	14	01	10	00	1.0842857142857143
2021	01	14	01	20	00	0.9700000000000001
2021	01	14	02	00	00	0.87
2021	01	14	02	10	00	0.9357142857142857
2021	01	14	03	00	00	1.0775000000000001
2021	01	14	03	30	00	0.9671428571428572
2021	01	14	04	00	00	0.9066666666666666
2021	01	14	05	00	00	0.8542857142857142
2021	01	14	05	10	00	0.95125
2021	01	14	05	20	00	0.8614285714285715
2021	01	14	05	30	00	0.9212499999999999
2021	01	14	05	40	00	1.0042857142857142
2021	01	14	05	50	00	1.0887499999999999
2021	01	14	06	00	00	1.1142857142857143
2021	01	14	06	10	00	1.04
2021	01	14	06	20	00	0.792
2021	01	14	06	30	00	0.8442857142857143
2021	01	14	06	40	00	0.8462499999999998
2021	01	14	06	50	00	0.7828571428571429
2021	01	14	07	00	00	0.83
2021	01	14	07	10	00	0.9642857142857143
2021	01	14	07	20	00	1.0425
2021	01	14	07	30	00	0.9128571428571428
2021	01	14	07	40	00	0.9414285714285714
2021	01	14	07	50	00	1.1485714285714284
2021	01	14	08	00	00	0.8674999999999999
2021	01	14	08	10	00	0.7142857142857144
2021	01	14	08	20	00	0.7428571428571429
2021	01	14	08	30	00	0.8671428571428572
2021	01	14	08	40	00	0.7814285714285715
2021	01	14	08	50	00	0.7757142857142857
2021	01	14	09	00	00	0.76875
2021	01	15	00	50	00	1.1057142857142856
2021	01	15	01	00	00	1.1875
2021	01	15	02	00	00	1.1171428571428572
2021	01	15	03	00	00	1.58
2021	01	15	04	00	00	1.1612500000000003
2021	01	15	04	10	00	1.0914285714285714
2021	01	15	04	20	00	1.2387499999999998
2021	01	15	04	30	00	1.1785714285714286
2021	01	15	04	40	00	0.9512499999999999
2021	01	15	04	50	00	0.9825
2021	01	15	05	00	00	1.0142857142857142
2021	01	15	05	10	00	1.0171428571428571
2021	01	15	05	20	00	1.05625
2021	01	15	05	30	00	0.9700000000000001
2021	01	15	05	40	00	0.9675
2021	01	15	05	50	00	0.8757142857142857
2021	01	15	06	00	00	0.9012499999999999
2021	01	15	06	10	00	0.96
2021	01	15	06	20	00	0.7633333333333333
2021	01	15	06	30	00	0.99125
2021	01	15	06	40	00	1.0314285714285714
2021	01	15	06	50	00	1.0625
2021	01	15	07	00	00	0.9371428571428572
2021	01	15	07	10	00	0.7975
2021	01	15	07	20	00	0.9042857142857142
2021	01	15	07	30	00	0.8812500000000001
2021	01	15	07	40	00	0.8785714285714287
2021	01	15	07	50	00	0.7571428571428572
2021	01	15	08	00	00	0.6799999999999999
2021	01	15	08	10	00	0.72125
2021	01	15	08	20	00	0.7371428571428572
2021	01	15	08	30	00	0.7414285714285713
2021	01	15	08	40	00	0.7214285714285714
2021	01	15	08	50	00	0.6828571428571427
2021	01	15	09	00	00	0.6585714285714286
2021	01	15	09	10	00	0.66
2021	01	16	01	00	00	0.8957142857142857
2021	01	16	01	20	00	0.73875
2021	01	16	02	00	00	0.92875
2021	01	16	02	10	00	0.9500000000000001
2021	01	16	03	00	00	0.7037499999999999
2021	01	16	03	20	00	0.57
2021	01	16	04	00	00	0.7028571428571428
2021	01	16	05	00	00	0.7142857142857143
2021	01	16	05	40	00	0.64625
2021	01	16	06	00	00	0.6742857142857143
2021	01	16	07	00	00	0.86625
2021	01	16	07	40	00	1.0250000000000001
2021	01	16	08	00	00	1.0157142857142856
2021	01	16	09	00	00	1.7285714285714289
2021	01	17	01	00	00	0.63
2021	01	17	01	50	00	0.9985714285714286
2021	01	17	02	00	00	0.8471428571428571
2021	01	17	03	00	00	0.4742857142857143
2021	01	17	03	50	00	0.4928571428571429
2021	01	17	04	00	00	0.55625
2021	01	17	04	30	00	0.615
2021	01	17	04	40	00	0.7014285714285714
2021	01	17	05	00	00	0.6485714285714286
2021	01	17	06	00	00	0.6614285714285714
2021	01	17	06	10	00	0.8879999999999999
2021	01	17	06	20	00	0.8457142857142859
2021	01	17	06	30	00	0.87875
2021	01	17	06	40	00	0.9857142857142857
2021	01	17	06	50	00	1.0342857142857143
2021	01	17	07	00	00	0.915
2021	01	17	07	10	00	1.0374999999999999
2021	01	17	08	00	00	1.1428571428571428
2021	01	17	09	00	00	1.5799999999999998
2021	01	18	01	00	00	2.3485714285714288
2021	01	18	01	20	00	1.617142857142857
2021	01	18	02	00	00	1.1749999999999998
2021	01	18	02	30	00	0.99875
2021	01	18	02	50	00	0.97625
2021	01	18	03	00	00	1.40125
2021	01	18	03	10	00	1.1066666666666667
2021	01	18	03	30	00	0.9475
2021	01	18	04	00	00	1.4024999999999999
2021	01	18	04	30	00	0.9571428571428572
2021	01	18	05	00	00	0.9485714285714285
2021	01	18	06	00	00	0.974
2021	01	18	06	20	00	1.3542857142857143
2021	01	18	07	00	00	1.3871428571428572
2021	01	18	08	00	00	1.6825
2021	01	18	09	00	00	1.015
2021	01	18	09	10	00	1.1733333333333331
2021	01	19	01	00	00	1.012857142857143
2021	01	19	02	00	00	1.13
2021	01	19	03	00	00	0.87
2021	01	19	04	00	00	0.6299999999999999
2021	01	19	04	10	00	0.7285714285714285
2021	01	19	04	20	00	0.7262500000000001
2021	01	19	04	30	00	0.8499999999999999
2021	01	19	04	40	00	0.7412500000000001
2021	01	19	04	50	00	0.8457142857142859
2021	01	19	05	00	00	0.8428571428571427
2021	01	19	05	20	00	0.647142857142857
2021	01	19	05	30	00	0.6537499999999999
2021	01	19	05	40	00	0.7642857142857143
2021	01	19	05	50	00	0.695
2021	01	19	06	00	00	0.7300000000000001
2021	01	19	06	10	00	0.7028571428571428
2021	01	19	06	20	00	0.6975000000000001
2021	01	19	06	30	00	0.8125
2021	01	19	06	40	00	0.9485714285714284
2021	01	19	06	50	00	0.9425
2021	01	19	07	00	00	0.9114285714285714
2021	01	19	07	10	00	0.9575
2021	01	19	07	20	00	0.9233333333333335
2021	01	19	07	30	00	1.00375
2021	01	19	07	40	00	0.9685714285714285
2021	01	19	07	50	00	1.02125
2021	01	19	08	00	00	1.0785714285714285
2021	01	19	08	10	00	1.1025
2021	01	19	08	20	00	1.2885714285714285
2021	01	19	08	30	00	1.35
2021	01	19	08	40	00	1.1357142857142857
2021	01	19	08	50	00	1.2242857142857144
2021	01	19	09	00	00	1.5685714285714287
2021	01	19	09	10	00	1.5033333333333332
2021	01	20	00	50	00	0.74
2021	01	20	01	00	00	0.6842857142857144
2021	01	20	03	00	00	0.8014285714285715
2021	01	20	04	00	00	0.6812500000000001
2021	01	20	04	10	00	0.63
2021	01	20	04	20	00	0.7057142857142857
2021	01	20	04	30	00	0.8674999999999999
2021	01	20	04	40	00	0.9071428571428573
2021	01	20	04	50	00	0.8471428571428572
2021	01	20	05	00	00	0.805
2021	01	20	05	10	00	0.8757142857142857
2021	01	20	05	20	00	0.7650000000000001
2021	01	20	05	30	00	0.7350000000000001
2021	01	20	05	40	00	0.59
2021	01	20	05	50	00	0.66
2021	01	20	06	00	00	0.8566666666666666
2021	01	20	07	00	00	1.25
2021	01	20	07	10	00	1.2814285714285716
2021	01	20	07	20	00	1.3557142857142856
2021	01	20	07	30	00	1.5728571428571432
2021	01	20	07	40	00	1.2228571428571429
2021	01	20	07	50	00	1.1085714285714285
2021	01	20	08	00	00	1.0557142857142858
2021	01	20	08	10	00	1.0474999999999999
2021	01	20	08	20	00	1.02
2021	01	20	08	30	00	1.0042857142857142
2021	01	20	08	40	00	0.9485714285714286
2021	01	20	08	50	00	1.19
2021	01	20	09	00	00	1.1487500000000002
2021	01	20	09	10	00	0.97
2021	01	21	00	30	00	0.772
2021	01	21	01	00	00	0.7025000000000001
2021	01	21	02	00	00	0.7000000000000001
2021	01	21	03	00	00	0.9524999999999999
2021	01	21	04	00	00	0.73875
2021	01	21	04	10	00	0.63
2021	01	21	04	20	00	0.53
2021	01	21	04	30	00	0.5357142857142857
2021	01	21	05	00	00	0.7625
2021	01	21	05	40	00	0.7775000000000001
2021	01	21	06	00	00	1.0371428571428571
2021	01	21	07	00	00	1.0499999999999998
2021	01	21	07	20	00	0.6457142857142857
2021	01	21	07	30	00	0.8257142857142856
2021	01	21	08	00	00	0.8457142857142858
2021	01	21	09	00	00	0.9414285714285714
2021	01	21	09	10	00	1.2120000000000002
2021	01	22	01	00	00	0.58875
2021	01	22	02	00	00	0.57
2021	01	22	03	00	00	0.8314285714285715
2021	01	22	04	00	00	0.8157142857142858
2021	01	22	05	00	00	0.8785714285714287
2021	01	22	06	00	00	0.8585714285714285
2021	01	22	07	00	00	0.76
2021	01	22	07	20	00	0.8312499999999999
2021	01	22	07	40	00	0.9928571428571428
2021	01	22	08	00	00	0.6699999999999999
2021	01	22	08	40	00	0.64
2021	01	22	09	00	00	0.5685714285714286
2021	01	24	00	50	00	0.69375
2021	01	24	01	00	00	0.5914285714285714
2021	01	24	01	30	00	0.7014285714285714
2021	01	24	02	00	00	0.7060000000000001
2021	01	24	02	10	00	0.83
2021	01	24	02	20	00	0.6999999999999998
2021	01	24	02	30	00	0.7237499999999999
2021	01	24	02	40	00	0.5700000000000001
2021	01	24	02	50	00	0.5800000000000001
2021	01	24	03	00	00	0.5942857142857143
2021	01	24	03	10	00	0.5728571428571428
2021	01	24	03	20	00	0.676
2021	01	24	03	30	00	0.882
2021	01	24	03	40	00	0.9471428571428572
2021	01	24	03	50	00	1.075
2021	01	24	04	00	00	0.9885714285714285
2021	01	24	05	00	00	0.6725
2021	01	24	05	10	00	0.675
2021	01	24	05	40	00	0.6342857142857143
2021	01	24	06	00	00	0.74
2021	01	24	06	20	00	0.7457142857142858
2021	01	24	07	00	00	0.6924999999999999
2021	01	24	08	00	00	0.855
2021	01	24	08	30	00	0.7100000000000001
2021	01	24	09	00	00	0.8271428571428572
2021	01	25	00	30	00	1.1216666666666668
2021	01	25	01	00	00	1.08375
2021	01	25	01	20	00	0.9385714285714286
2021	01	25	01	50	00	0.8171428571428571
2021	01	25	02	00	00	0.81125
2021	01	25	02	20	00	0.7528571428571428
2021	01	25	02	30	00	0.8074999999999999
2021	01	25	02	40	00	0.7471428571428572
2021	01	25	02	50	00	0.8042857142857144
2021	01	25	03	00	00	0.7562499999999999
2021	01	25	03	10	00	0.7799999999999999
2021	01	25	03	20	00	0.69
2021	01	25	03	30	00	0.65
2021	01	25	03	40	00	0.6024999999999999
2021	01	25	03	50	00	0.6928571428571428
2021	01	25	04	00	00	0.75625
2021	01	25	04	10	00	0.7157142857142856
2021	01	25	04	20	00	0.6812499999999999
2021	01	25	04	30	00	0.7300000000000001
2021	01	25	04	40	00	0.7
2021	01	25	04	50	00	0.6371428571428571
2021	01	25	05	00	00	0.7471428571428572
2021	01	25	05	10	00	0.8300000000000001
2021	01	25	05	20	00	0.7325
2021	01	25	05	30	00	0.7457142857142857
2021	01	25	05	40	00	0.7962500000000001
2021	01	25	05	50	00	0.8042857142857144
2021	01	25	06	00	00	0.8475000000000001
2021	01	25	06	10	00	1.0142857142857142
2021	01	25	06	20	00	0.8871428571428572
2021	01	25	06	30	00	0.8524999999999999
2021	01	25	06	40	00	0.83
2021	01	25	06	50	00	0.9114285714285716
2021	01	25	07	00	00	0.94625
2021	01	25	07	10	00	0.9487499999999999
2021	01	25	07	20	00	1.0599999999999998
2021	01	25	07	30	00	0.8757142857142858
2021	01	25	07	40	00	0.8175
2021	01	25	07	50	00	1.0042857142857142
2021	01	25	08	00	00	0.9375
2021	01	25	08	10	00	0.8528571428571426
2021	01	25	08	20	00	0.9425
2021	01	25	08	30	00	1.01
2021	01	25	08	40	00	1.062857142857143
2021	01	25	08	50	00	1.47
2021	01	25	09	00	00	1.4857142857142858
2021	01	25	09	10	00	1.2571428571428573
2021	01	26	00	30	00	1.18
2021	01	26	01	00	00	1.0925
2021	01	26	02	00	00	1.39375
2021	01	26	02	50	00	1.5099999999999998
2021	01	26	03	00	00	1.4685714285714286
2021	01	26	06	00	00	0.8757142857142858
2021	01	26	06	10	00	0.85125
2021	01	26	06	20	00	0.9742857142857143
2021	01	26	07	00	00	0.8725
2021	01	26	07	10	00	0.8233333333333334
2021	01	26	07	20	00	0.8325
2021	01	26	07	30	00	0.7575
2021	01	26	07	40	00	0.7428571428571429
2021	01	26	08	00	00	0.797142857142857
2021	01	26	09	00	00	0.7775000000000001
2021	01	27	00	30	00	1.1199999999999999
2021	01	27	01	00	00	0.97875
2021	01	27	01	10	00	0.8828571428571428
2021	01	27	01	50	00	0.8414285714285714
2021	01	27	02	00	00	0.8387499999999999
2021	01	27	03	00	00	1.1285714285714286
2021	01	27	04	00	00	1.002857142857143
2021	01	27	05	00	00	0.9028571428571429
2021	01	27	06	00	00	0.7814285714285714
2021	01	27	06	50	00	0.7714285714285715
2021	01	27	07	00	00	0.7914285714285716
2021	01	27	08	00	00	0.7549999999999999
2021	01	27	08	10	00	0.7657142857142857
2021	01	27	09	00	00	0.7350000000000001
2021	01	28	01	00	00	0.7816666666666667
2021	01	28	02	00	00	0.61
2021	01	28	02	10	00	0.6428571428571427
2021	01	28	03	00	00	0.5725
2021	01	28	03	10	00	0.6457142857142857
2021	01	28	04	00	00	0.7
2021	01	28	04	10	00	0.7074999999999999
2021	01	28	04	20	00	0.6399999999999999
2021	01	28	04	30	00	0.63375
2021	01	28	04	40	00	0.6214285714285713
2021	01	28	04	50	00	0.6071428571428571
2021	01	28	05	00	00	0.6725
2021	01	28	05	10	00	0.7042857142857144
2021	01	28	05	20	00	0.6416666666666667
2021	01	28	05	30	00	0.6342857142857142
2021	01	28	05	40	00	0.68125
2021	01	28	05	50	00	0.6871428571428572
2021	01	28	06	00	00	0.6512499999999999
2021	01	28	06	10	00	0.6571428571428573
2021	01	28	06	20	00	0.57
2021	01	28	06	30	00	0.5085714285714286
2021	01	28	06	40	00	0.51125
2021	01	28	06	50	00	0.5457142857142857
2021	01	28	07	00	00	0.5214285714285715
2021	01	28	07	10	00	0.5828571428571429
2021	01	28	07	20	00	0.585
2021	01	28	07	30	00	0.6457142857142858
2021	01	28	07	40	00	0.7028571428571428
2021	01	28	07	50	00	0.545
2021	01	28	08	00	00	0.51
2021	01	28	08	10	00	0.4585714285714286
2021	01	28	08	20	00	0.4642857142857143
2021	01	28	08	30	00	0.47285714285714286
2021	01	28	08	40	00	0.4628571428571429
2021	01	28	08	50	00	0.6083333333333333
2021	01	28	09	10	00	0.4683333333333333
2021	01	28	09	20	00	0.5
2021	01	29	00	40	00	0.8742857142857142
2021	01	29	01	00	00	0.7428571428571429
2021	01	29	02	00	00	0.79
2021	01	29	02	30	00	0.5812499999999999
2021	01	29	03	00	00	0.8287500000000001
2021	01	29	03	20	00	0.89625
2021	01	29	04	00	00	0.86125
2021	01	29	05	00	00	0.6471428571428571
2021	01	29	06	00	00	0.70875
2021	01	29	06	10	00	0.6483333333333333
2021	01	29	07	00	00	0.6775
2021	01	29	08	00	00	0.5716666666666667
2021	01	30	01	00	00	0.6737499999999998
2021	01	30	02	00	00	0.9487499999999999
2021	01	30	03	00	00	0.8812500000000001
2021	01	30	04	00	00	0.8175
2021	01	30	04	20	00	0.9750000000000001
2021	01	30	05	00	00	1.0899999999999999
2021	01	30	06	00	00	1.2825
2021	01	30	07	00	00	1.3714285714285717
2021	01	30	08	00	00	1.6216666666666668
2021	01	30	08	10	00	1.7
2021	01	30	08	40	00	1.937142857142857
2021	01	30	09	00	00	2.1485714285714286
2021	01	31	01	00	00	0.642857142857143
2021	01	31	01	50	00	0.525
2021	01	31	02	00	00	0.6414285714285715
2021	01	31	03	00	00	0.6100000000000001
2021	01	31	04	00	00	0.6628571428571429
2021	01	31	05	00	00	0.5137499999999999
2021	01	31	05	20	00	0.5033333333333333
2021	01	31	05	50	00	0.48875
2021	01	31	06	00	00	0.5071428571428572
2021	01	31	07	00	00	0.5557142857142857
2021	01	31	08	00	00	0.555
2021	01	31	09	00	00	0.7757142857142858
2021	02	01	00	40	00	0.7000000000000001
2021	02	01	01	00	00	0.7675
2021	02	01	01	40	00	0.8525
2021	02	01	02	00	00	0.83125
2021	02	01	03	00	00	0.48428571428571426
2021	02	01	03	50	00	0.5385714285714286
2021	02	01	04	00	00	0.4875
2021	02	01	05	00	00	0.4842857142857143
2021	02	01	05	30	00	0.5375
2021	02	01	06	00	00	0.45
2021	02	01	06	10	00	0.48625
2021	02	01	06	40	00	0.525
2021	02	01	06	50	00	0.505
2021	02	01	07	00	00	0.5237499999999999
2021	02	01	08	00	00	0.45142857142857146
2021	02	01	08	10	00	0.45428571428571424
2021	02	01	08	20	00	0.45999999999999996
2021	02	01	08	40	00	0.515
2021	02	01	09	00	00	0.5614285714285715
2021	02	02	00	30	00	0.6175
2021	02	02	01	00	00	0.696
2021	02	02	02	00	00	0.5185714285714285
2021	02	02	03	00	00	0.5587500000000001
2021	02	02	04	00	00	0.4928571428571429
2021	02	02	05	00	00	0.418
2021	02	02	06	00	00	0.48000000000000004
2021	02	02	07	00	00	0.4271428571428571
2021	02	02	08	00	00	0.5771428571428572
2021	02	02	09	00	00	0.8414285714285714
2021	02	03	01	00	00	0.9114285714285714
2021	02	03	02	00	00	0.4075
2021	02	03	03	00	00	0.48
2021	02	03	04	00	00	0.41857142857142854
2021	02	03	05	00	00	0.67625
2021	02	03	06	00	00	0.7071428571428572
2021	02	03	07	00	00	1.128
2021	02	03	08	00	00	1.77875
2021	02	03	09	00	00	1.5885714285714287
2021	02	04	01	00	00	0.74
2021	02	04	01	50	00	0.66875
2021	02	04	02	00	00	0.5857142857142856
2021	02	04	03	00	00	0.5187499999999999
2021	02	04	04	00	00	0.65
2021	02	04	04	10	00	0.6724999999999999
2021	02	04	04	20	00	0.8066666666666666
2021	02	04	04	30	00	1.0142857142857142
2021	02	04	04	40	00	0.8724999999999999
2021	02	04	04	50	00	0.8271428571428571
2021	02	04	05	00	00	0.78125
2021	02	04	05	10	00	0.8428571428571427
2021	02	04	05	20	00	0.9362499999999999
2021	02	04	05	30	00	1.0114285714285713
2021	02	04	05	40	00	0.9512500000000002
2021	02	04	05	50	00	0.8500000000000002
2021	02	04	06	00	00	0.775
2021	02	04	06	10	00	0.6914285714285713
2021	02	04	06	20	00	0.8262500000000002
2021	02	04	06	30	00	0.7757142857142857
2021	02	04	06	40	00	0.64
2021	02	04	06	50	00	0.7366666666666667
2021	02	04	07	00	00	0.7766666666666667
2021	02	04	07	10	00	0.89625
2021	02	04	07	20	00	1.082857142857143
2021	02	04	07	30	00	1.2557142857142856
2021	02	04	07	40	00	1.2425
2021	02	04	07	50	00	1.3514285714285716
2021	02	04	08	00	00	1.2757142857142856
2021	02	04	08	10	00	1.3375000000000001
2021	02	04	08	20	00	1.4914285714285715
2021	02	04	08	30	00	1.85
2021	02	04	08	40	00	1.772857142857143
2021	02	04	08	50	00	1.8312499999999996
2021	02	04	09	00	00	1.69
2021	02	04	09	10	00	1.5899999999999999
2021	02	04	09	20	00	1.5166666666666666
2021	02	05	01	00	00	0.47500000000000003
2021	02	05	02	00	00	0.732857142857143
2021	02	05	02	30	00	0.6100000000000001
2021	02	05	03	00	00	0.66625
2021	02	05	04	00	00	0.4575
2021	02	05	04	10	00	0.5149999999999999
2021	02	05	04	20	00	0.46571428571428575
2021	02	05	04	30	00	0.44875
2021	02	05	04	40	00	0.47857142857142854
2021	02	05	04	50	00	0.46428571428571425
2021	02	05	05	00	00	0.49875
2021	02	05	05	10	00	0.48624999999999996
2021	02	05	05	20	00	0.48999999999999994
2021	02	05	05	30	00	0.4983333333333333
2021	02	05	05	40	00	0.6112500000000001
2021	02	05	05	50	00	0.5325
2021	02	05	06	00	00	0.5557142857142857
2021	02	05	06	10	00	0.5914285714285715
2021	02	05	06	20	00	0.58125
2021	02	05	06	30	00	0.6271428571428571
2021	02	05	06	40	00	0.60375
2021	02	05	06	50	00	0.588
2021	02	05	07	00	00	0.81375
2021	02	05	07	10	00	0.9357142857142857
2021	02	05	07	20	00	1.02125
2021	02	05	07	30	00	0.9642857142857143
2021	02	05	07	40	00	0.9083333333333333
2021	02	05	07	50	00	0.9187500000000001
2021	02	05	08	00	00	0.8414285714285714
2021	02	05	08	10	00	0.7957142857142857
2021	02	05	08	20	00	0.77
2021	02	05	08	30	00	0.7314285714285714
2021	02	05	08	40	00	0.66
2021	02	05	08	50	00	0.7628571428571428
2021	02	05	09	00	00	0.7675000000000001
2021	02	05	09	10	00	0.7857142857142857
2021	02	05	09	20	00	0.8157142857142857
2021	02	06	01	00	00	0.43
2021	02	06	02	00	00	0.5057142857142857
2021	02	06	02	30	00	0.7114285714285715
2021	02	06	02	40	00	0.80375
2021	02	06	03	00	00	0.69
2021	02	06	04	00	00	0.6157142857142857
2021	02	06	05	00	00	0.4714285714285715
2021	02	06	05	50	00	0.48625000000000007
2021	02	06	06	00	00	0.48
2021	02	06	06	30	00	0.46
2021	02	06	07	00	00	0.6275
2021	02	06	08	00	00	0.49714285714285716
2021	02	06	08	10	00	0.5325
2021	02	06	08	20	00	0.63
2021	02	06	08	30	00	0.7357142857142858
2021	02	06	08	40	00	0.6724999999999999
2021	02	06	08	50	00	0.7071428571428572
2021	02	06	09	00	00	0.8025
2021	02	06	09	10	00	0.9857142857142858
2021	02	06	09	20	00	1.1342857142857141
2021	02	07	01	00	00	0.6271428571428572
2021	02	07	02	00	00	0.615
2021	02	07	02	30	00	0.7085714285714285
2021	02	07	03	00	00	0.6625
2021	02	07	03	20	00	0.6316666666666667
2021	02	07	04	00	00	0.61625
2021	02	07	04	10	00	0.7671428571428571
2021	02	07	04	20	00	0.67375
2021	02	07	04	30	00	0.6171428571428571
2021	02	07	04	40	00	0.5328571428571429
2021	02	07	04	50	00	0.7275
2021	02	07	05	00	00	0.7362500000000001
2021	02	07	05	10	00	0.6514285714285714
2021	02	07	05	20	00	0.57375
2021	02	07	05	30	00	0.5814285714285713
2021	02	07	05	40	00	0.6100000000000001
2021	02	07	05	50	00	0.6775000000000001
2021	02	07	06	00	00	0.9985714285714286
2021	02	07	06	10	00	1.3685714285714285
2021	02	07	06	20	00	1.0787499999999999
2021	02	07	06	30	00	1.1242857142857143
2021	02	07	06	40	00	1.1266666666666667
2021	02	07	06	50	00	1.004
2021	02	07	07	00	00	1.2725
2021	02	07	07	10	00	1.1985714285714286
2021	02	07	07	20	00	1.21375
2021	02	07	07	30	00	1.1742857142857144
2021	02	07	07	40	00	0.99125
2021	02	07	07	50	00	1.0171428571428571
2021	02	07	08	00	00	1.1099999999999999
2021	02	07	08	10	00	1.052857142857143
2021	02	07	08	20	00	0.9649999999999999
2021	02	07	08	30	00	0.9299999999999999
2021	02	07	08	40	00	0.9257142857142858
2021	02	07	08	50	00	0.7060000000000001
2021	02	07	09	00	00	0.8975
2021	02	07	09	10	00	1.02625
2021	02	07	09	20	00	0.6466666666666666
2021	02	08	01	00	00	0.6142857142857144
2021	02	08	01	10	00	0.6175
2021	02	08	01	20	00	0.5257142857142857
2021	02	08	02	00	00	0.6514285714285715
2021	02	08	02	20	00	0.5442857142857144
2021	02	08	02	30	00	0.49624999999999997
2021	02	08	02	40	00	0.5
2021	02	08	02	50	00	0.5599999999999999
2021	02	08	03	00	00	0.718
2021	02	08	03	10	00	0.605
2021	02	08	03	20	00	0.5085714285714287
2021	02	08	04	00	00	0.4657142857142858
2021	02	08	04	10	00	0.51625
2021	02	08	04	20	00	0.5099999999999999
2021	02	08	04	30	00	0.5014285714285714
2021	02	08	04	40	00	0.375
2021	02	08	04	50	00	0.37999999999999995
2021	02	08	05	00	00	0.42
2021	02	08	05	10	00	0.48857142857142855
2021	02	08	05	20	00	0.525
2021	02	08	05	30	00	0.5042857142857142
2021	02	08	05	40	00	0.8912500000000001
2021	02	08	05	50	00	0.9571428571428573
2021	02	08	06	00	00	0.98875
2021	02	08	06	10	00	1.1457142857142857
2021	02	08	06	20	00	1.11875
2021	02	08	06	30	00	1.237142857142857
2021	02	08	06	40	00	1.0625
2021	02	08	06	50	00	1.0399999999999998
2021	02	08	07	00	00	1.00375
2021	02	08	07	10	00	1.0714285714285714
2021	02	08	07	20	00	1.07875
2021	02	08	07	30	00	0.9585714285714287
2021	02	08	07	40	00	0.9599999999999999
2021	02	08	07	50	00	0.9385714285714286
2021	02	08	08	00	00	0.9133333333333332
2021	02	08	08	10	00	1.0616666666666668
2021	02	08	08	20	00	1.1842857142857144
2021	02	08	08	30	00	1.4583333333333333
2021	02	08	08	40	00	1.45
2021	02	08	08	50	00	1.49
2021	02	08	09	00	00	1.5375
2021	02	08	09	10	00	1.3975000000000002
2021	02	08	09	20	00	1.4171428571428568
2021	02	08	09	30	00	1.59
2021	02	09	00	50	00	0.7271428571428571
2021	02	09	01	00	00	0.6737500000000001
2021	02	09	01	20	00	0.5725
2021	02	09	01	50	00	0.435
2021	02	09	02	00	00	0.43
2021	02	09	03	00	00	0.5733333333333334
2021	02	09	03	10	00	0.7200000000000001
2021	02	09	03	20	00	0.7628571428571428
2021	02	09	03	30	00	0.7799999999999999
2021	02	09	04	00	00	0.6385714285714287
2021	02	09	05	00	00	0.6942857142857142
2021	02	09	05	10	00	0.6799999999999999
2021	02	09	05	50	00	0.5842857142857143
2021	02	09	06	00	00	0.54
2021	02	09	07	00	00	0.6649999999999999
2021	02	09	07	40	00	0.51
2021	02	09	08	00	00	0.5157142857142858
2021	02	09	09	00	00	0.7642857142857143
2021	02	09	09	30	00	0.8899999999999999
2021	02	10	01	00	00	0.8287500000000001
2021	02	10	02	00	00	0.9142857142857144
2021	02	10	02	10	00	0.9962499999999999
2021	02	10	02	20	00	0.9657142857142859
2021	02	10	04	00	00	0.9028571428571428
2021	02	10	04	20	00	0.8242857142857142
2021	02	10	04	40	00	0.64
2021	02	10	05	00	00	0.71375
2021	02	10	06	00	00	0.9342857142857143
2021	02	10	06	20	00	1.1137499999999998
2021	02	10	07	00	00	1.3933333333333333
2021	02	10	08	00	00	2.138
2021	02	11	01	00	00	0.6414285714285715
2021	02	11	02	00	00	0.7383333333333333
2021	02	11	02	20	00	0.6728571428571429
2021	02	11	02	40	00	0.7714285714285715
2021	02	11	03	00	00	0.7442857142857144
2021	02	11	03	10	00	0.62625
2021	02	11	03	50	00	0.8175
2021	02	11	04	00	00	0.8242857142857142
2021	02	11	04	40	00	1.6642857142857144
2021	02	11	05	00	00	1.4849999999999999
2021	02	11	05	50	00	2.0466666666666664
2021	02	11	06	00	00	2.3899999999999997
2021	02	11	07	00	00	3.78
2021	02	12	00	40	00	1.1257142857142857
2021	02	12	00	50	00	1.22625
2021	02	12	01	00	00	1.2
2021	02	12	01	20	00	0.9785714285714285
2021	02	12	01	30	00	0.8062500000000001
2021	02	12	02	00	00	0.74625
2021	02	12	02	10	00	0.75
2021	02	12	03	00	00	0.5666666666666667
2021	02	12	03	10	00	0.5575
2021	02	12	03	40	00	0.62
2021	02	12	04	00	00	0.56875
2021	02	12	05	00	00	0.6062500000000001
2021	02	12	05	30	00	0.6212500000000001
2021	02	12	06	00	00	0.57625
2021	02	12	06	30	00	1.3566666666666665
2021	02	12	07	00	00	1.6199999999999999
2021	02	12	07	50	00	0.735
2021	02	12	08	00	00	1.3783333333333332
2021	02	12	09	00	00	1.595
2021	02	13	01	00	00	0.7625000000000001
2021	02	13	01	40	00	0.7000000000000001
2021	02	13	02	00	00	0.6128571428571429
2021	02	13	02	10	00	0.7662499999999999
2021	02	13	03	00	00	0.5857142857142857
2021	02	13	03	20	00	0.45714285714285713
2021	02	13	04	00	00	0.4642857142857143
2021	02	13	05	00	00	0.5814285714285715
2021	02	13	05	10	00	0.46499999999999997
2021	02	13	06	00	00	0.37714285714285717
2021	02	13	06	10	00	0.4075
2021	02	13	06	40	00	0.5457142857142857
2021	02	13	06	50	00	0.70625
2021	02	13	07	00	00	0.8828571428571429
2021	02	13	07	10	00	0.9324999999999999
2021	02	13	08	00	00	1.0983333333333334
2021	02	13	08	50	00	1.036
2021	02	13	09	00	00	1.343333333333333
2021	02	14	00	40	00	1.4333333333333333
2021	02	14	01	00	00	1.1033333333333333
2021	02	14	02	00	00	0.5428571428571428
2021	02	14	03	00	00	0.7071428571428572
2021	02	14	03	30	00	0.78
2021	02	14	04	00	00	0.7625
2021	02	14	04	10	00	0.7814285714285714
2021	02	14	04	20	00	0.7985714285714286
2021	02	14	05	00	00	0.9075000000000001
2021	02	14	06	00	00	1.0625
2021	02	14	06	20	00	0.855
2021	02	14	08	30	00	1.2000000000000002
2021	02	14	09	00	00	1.79
2021	02	15	00	50	00	0.7075
2021	02	15	01	00	00	0.6385714285714286
2021	02	15	01	40	00	0.59625
2021	02	15	01	50	00	0.86
2021	02	15	02	00	00	0.8025000000000001
2021	02	15	03	00	00	1.085
2021	02	15	03	10	00	1.465
2021	02	15	04	00	00	1.4466666666666665
2021	02	15	07	00	00	1.8399999999999999
2021	02	16	01	00	00	0.6900000000000001
2021	02	16	01	10	00	0.7700000000000001
2021	02	16	01	50	00	0.6685714285714285
2021	02	16	02	00	00	0.73875
2021	02	16	02	20	00	1.0657142857142856
2021	02	16	02	50	00	0.7828571428571429
2021	02	16	03	00	00	0.7983333333333333
2021	02	16	04	00	00	1.4057142857142857
2021	02	17	00	20	00	0.915
2021	02	17	01	00	00	0.95125
2021	02	17	01	30	00	0.777142857142857
2021	02	17	02	00	00	0.8899999999999999
2021	02	17	03	00	00	0.9428571428571428
2021	02	17	03	10	00	0.8785714285714284
2021	02	17	03	20	00	0.77
2021	02	17	05	00	00	0.6950000000000001
2021	02	17	05	30	00	0.925
2021	02	17	06	00	00	0.8025
2021	02	17	06	40	00	0.794
2021	02	17	07	00	00	0.8939999999999999
2021	02	17	08	00	00	0.8719999999999999
2021	02	17	08	10	00	0.97
2021	02	17	08	20	00	0.98
2021	02	17	08	30	00	0.85
2021	02	17	08	50	00	0.88
2021	02	17	09	00	00	0.9
2021	02	18	00	20	00	0.76
2021	02	18	01	00	00	0.8333333333333334
2021	02	18	01	50	00	0.8557142857142858
2021	02	18	02	00	00	0.7925
2021	02	18	03	00	00	0.64125
2021	02	18	04	00	00	0.76
2021	02	18	04	20	00	0.7733333333333333
2021	02	18	04	40	00	1.03
2021	02	18	05	40	00	1.32
2021	02	18	06	00	00	1.855
2021	02	18	06	30	00	2.31
2021	02	18	07	00	00	3.77
2021	02	19	00	10	00	1.46
2021	02	19	00	20	00	1.1099999999999999
2021	02	19	00	50	00	1.00375
2021	02	19	01	00	00	0.8
2021	02	19	02	00	00	1.1071428571428572
2021	02	19	02	20	00	0.8
2021	02	19	02	40	00	0.6433333333333333
2021	02	19	03	00	00	0.6275000000000001
2021	02	19	03	30	00	0.5671428571428571
2021	02	19	04	00	00	0.6085714285714285
2021	02	19	04	30	00	0.6612500000000001
2021	02	19	05	00	00	0.73
2021	02	19	05	50	00	0.8940000000000001
2021	02	19	06	00	00	1.2174999999999998
2021	02	19	06	10	00	1.0742857142857143
2021	02	19	07	00	00	1.2714285714285716
2021	02	19	08	00	00	1.1014285714285716
2021	02	19	08	10	00	0.9716666666666667
2021	02	19	08	30	00	1.20375
2021	02	19	09	00	00	1.447142857142857
2021	02	19	09	10	00	1.49875
2021	02	19	09	30	00	1.542857142857143
2021	02	20	01	00	00	0.6775
2021	02	20	02	00	00	0.5914285714285715
2021	02	20	03	00	00	0.6971428571428572
2021	02	20	03	50	00	0.39428571428571424
2021	02	20	04	00	00	0.3816666666666666
2021	02	20	05	00	00	0.43000000000000005
2021	02	20	06	00	00	0.4514285714285714
2021	02	20	06	30	00	0.39714285714285713
2021	02	20	07	00	00	0.48714285714285716
2021	02	20	08	00	00	0.5666666666666667
2021	02	20	08	30	00	0.49374999999999997
2021	02	20	09	00	00	0.4557142857142857
2021	02	20	09	30	00	0.5742857142857142
2021	02	21	00	30	00	0.8542857142857142
2021	02	21	01	00	00	0.7025
2021	02	21	02	00	00	0.687142857142857
2021	02	21	03	00	00	0.6616666666666666
2021	02	21	04	00	00	0.8312499999999999
2021	02	21	04	50	00	0.9385714285714286
2021	02	21	05	00	00	0.7942857142857144
2021	02	21	05	20	00	0.7325
2021	02	21	05	30	00	0.8028571428571428
2021	02	21	06	00	00	0.66625
2021	02	21	06	10	00	0.5814285714285715
2021	02	21	06	20	00	0.6099999999999999
2021	02	21	06	40	00	0.5075000000000001
2021	02	21	07	00	00	0.6100000000000001
2021	02	21	07	10	00	0.5800000000000001
2021	02	21	07	30	00	0.6
2021	02	21	07	50	00	0.6900000000000001
2021	02	21	08	00	00	0.69
2021	02	21	09	00	00	0.6257142857142858
2021	02	21	09	10	00	0.6628571428571429
2021	02	21	09	20	00	0.6575
2021	02	21	09	30	00	0.7542857142857143
2021	02	21	09	40	00	0.88
2021	02	22	01	00	00	1.1242857142857143
2021	02	22	01	30	00	0.63
2021	02	22	02	00	00	0.9425
2021	02	22	02	10	00	0.7787499999999999
2021	02	22	02	20	00	0.7885714285714286
2021	02	22	02	30	00	0.8175000000000001
2021	02	22	02	40	00	0.7699999999999999
2021	02	22	02	50	00	0.8157142857142858
2021	02	22	03	00	00	0.6487499999999999
2021	02	22	03	10	00	0.5314285714285714
2021	02	22	04	00	00	0.9699999999999999
2021	02	22	04	30	00	0.8757142857142856
2021	02	22	04	40	00	0.7914285714285713
2021	02	22	05	00	00	0.6371428571428571
2021	02	22	06	00	00	0.6514285714285715
2021	02	22	06	10	00	0.72125
2021	02	22	06	20	00	0.74
2021	02	22	06	30	00	0.6557142857142857
2021	02	22	06	40	00	0.5414285714285715
2021	02	22	06	50	00	0.5085714285714286
2021	02	22	07	00	00	0.52875
2021	02	22	07	10	00	0.5785714285714286
2021	02	22	07	20	00	0.58375
2021	02	22	07	30	00	0.5328571428571428
2021	02	22	07	40	00	0.74
2021	02	22	07	50	00	0.632
2021	02	22	08	00	00	0.59
2021	02	22	08	10	00	0.6875
2021	02	22	08	20	00	0.5399999999999999
2021	02	22	08	30	00	0.6857142857142857
2021	02	22	08	40	00	0.665
2021	02	22	08	50	00	0.7042857142857143
2021	02	22	09	00	00	0.8375
2021	02	22	09	10	00	0.7614285714285715
2021	02	22	09	20	00	0.8428571428571427
2021	02	22	09	30	00	0.8012500000000001
2021	02	22	09	40	00	0.97
2021	02	23	00	30	00	0.7066666666666667
2021	02	23	01	00	00	0.9800000000000002
2021	02	23	01	20	00	0.9487500000000001
2021	02	23	01	30	00	0.8280000000000001
2021	02	23	02	00	00	1.3085714285714285
2021	02	23	03	00	00	1.1812500000000001
2021	02	23	04	00	00	0.5771428571428572
2021	02	23	04	10	00	0.49124999999999996
2021	02	23	04	20	00	0.8042857142857142
2021	02	23	04	30	00	1.01875
2021	02	23	04	50	00	0.7537499999999999
2021	02	23	05	00	00	0.6228571428571429
2021	02	23	05	10	00	0.6142857142857142
2021	02	23	05	40	00	0.48125000000000007
2021	02	23	06	00	00	0.4814285714285714
2021	02	23	06	50	00	0.5371428571428571
2021	02	23	07	00	00	0.4685714285714286
2021	02	23	07	10	00	0.534
2021	02	23	07	50	00	0.6624999999999999
2021	02	23	08	00	00	0.5714285714285715
2021	02	23	09	00	00	0.48571428571428565
2021	02	23	09	20	00	0.5499999999999999
2021	02	24	00	40	00	0.53125
2021	02	24	00	50	00	0.6057142857142856
2021	02	24	01	00	00	0.5937500000000001
2021	02	24	01	30	00	0.7457142857142857
2021	02	24	02	00	00	1.1642857142857141
2021	02	24	03	00	00	0.8200000000000001
2021	02	24	04	00	00	1.0825
2021	02	24	04	10	00	1.4085714285714288
2021	02	24	04	20	00	1.26375
2021	02	24	04	30	00	1.4885714285714287
2021	02	24	04	40	00	1.4187500000000002
2021	02	24	04	50	00	1.6371428571428575
2021	02	24	05	00	00	1.5150000000000001
2021	02	24	06	00	00	1.344285714285714
2021	02	24	06	20	00	1.1457142857142857
2021	02	24	06	50	00	1.0442857142857143
2021	02	24	07	00	00	1.1371428571428572
2021	02	24	07	30	00	0.8757142857142857
2021	02	24	08	00	00	1.3812499999999999
2021	02	24	08	10	00	1.23
2021	02	24	08	20	00	1.34125
2021	02	24	09	00	00	1.06
2021	02	24	09	10	00	0.8957142857142858
2021	02	24	09	20	00	0.66
2021	02	25	01	00	00	0.7585714285714287
2021	02	25	01	30	00	0.6128571428571429
2021	02	25	02	00	00	0.75
2021	02	25	03	00	00	0.87
2021	02	25	04	00	00	0.5387500000000001
2021	02	25	04	40	00	0.565
2021	02	25	05	00	00	0.7642857142857142
2021	02	25	06	00	00	0.706
2021	02	25	06	10	00	0.5599999999999999
2021	02	25	06	20	00	0.585
2021	02	25	07	00	00	0.7842857142857144
2021	02	25	07	10	00	0.8
2021	02	25	07	20	00	0.8099999999999999
2021	02	25	07	30	00	1.2985714285714285
2021	02	25	07	40	00	1.396
2021	02	25	07	50	00	1.542
2021	02	25	08	00	00	1.33625
2021	02	25	08	10	00	1.0271428571428571
2021	02	25	08	20	00	0.8450000000000001
2021	02	25	08	30	00	0.7942857142857144
2021	02	25	08	40	00	0.7742857142857144
2021	02	25	08	50	00	0.75125
2021	02	25	09	00	00	0.67
2021	02	25	09	10	00	0.5857142857142857
2021	02	25	09	20	00	0.63125
2021	02	25	09	30	00	0.7100000000000001
2021	02	25	09	40	00	0.5366666666666667
2021	02	26	00	50	00	0.5385714285714286
2021	02	26	01	00	00	0.5387500000000001
2021	02	26	02	00	00	0.83
2021	02	26	03	00	00	0.9557142857142856
2021	02	26	04	00	00	0.5757142857142857
2021	02	26	04	10	00	0.6275
2021	02	26	04	20	00	0.802857142857143
2021	02	26	04	30	00	1.12
2021	02	26	04	40	00	1.2149999999999999
2021	02	26	04	50	00	1.3485714285714283
2021	02	26	05	00	00	1.6714285714285715
2021	02	26	06	00	00	0.8300000000000001
2021	02	26	06	10	00	0.8975
2021	02	26	06	20	00	0.8628571428571429
2021	02	26	06	30	00	0.8275
2021	02	26	06	40	00	0.7528571428571429
2021	02	26	06	50	00	0.8157142857142857
2021	02	26	07	00	00	0.9714285714285714
2021	02	26	07	10	00	0.9028571428571429
2021	02	26	07	20	00	0.9725000000000001
2021	02	26	07	30	00	0.8642857142857142
2021	02	26	07	40	00	0.89
2021	02	26	07	50	00	1.3233333333333333
2021	02	26	08	00	00	1.36125
2021	02	26	08	10	00	1.37
2021	02	26	08	20	00	1.3942857142857146
2021	02	26	08	30	00	1.3925
2021	02	26	08	40	00	1.205714285714286
2021	02	26	08	50	00	1.4025
2021	02	26	09	00	00	1.8057142857142858
2021	02	26	09	10	00	1.6500000000000001
2021	02	26	09	20	00	1.49125
2021	02	26	09	30	00	1.3828571428571428
2021	02	26	09	40	00	1.24
2021	02	27	00	00	00	0.73
2021	02	27	00	10	00	0.7575000000000001
2021	02	27	01	00	00	0.8171428571428573
2021	02	27	01	30	00	0.7814285714285715
2021	02	27	02	00	00	1.1175
2021	02	27	02	20	00	0.90625
2021	02	27	03	00	00	0.8014285714285715
2021	02	27	03	10	00	0.79125
2021	02	27	03	20	00	1.0628571428571427
2021	02	27	03	30	00	0.925
2021	02	27	03	40	00	0.6942857142857143
2021	02	27	03	50	00	0.7075
2021	02	27	04	00	00	0.9999999999999999
2021	02	27	04	10	00	0.865
2021	02	27	04	20	00	0.7342857142857142
2021	02	27	04	30	00	0.7537499999999999
2021	02	27	05	00	00	0.8300000000000001
2021	02	27	06	00	00	0.8714285714285713
2021	02	27	06	40	00	1.6057142857142856
2021	02	27	07	00	00	1.5400000000000003
2021	02	27	08	00	00	1.1512499999999999
2021	02	27	08	40	00	0.9542857142857143
2021	02	27	09	00	00	0.84
2021	02	27	09	40	00	1.08
2021	02	28	00	50	00	0.7457142857142857
2021	02	28	01	00	00	0.6625
2021	02	28	01	50	00	1.12
2021	02	28	02	00	00	0.99
2021	02	28	02	20	00	0.8633333333333334
2021	02	28	02	40	00	0.9675
2021	02	28	03	00	00	0.7574999999999998
2021	02	28	04	00	00	0.94375
2021	02	28	05	00	00	1.2075000000000002
2021	02	28	06	00	00	1.082857142857143
2021	02	28	06	10	00	0.8642857142857142
2021	02	28	06	20	00	0.99375
2021	02	28	06	30	00	0.9400000000000002
2021	02	28	06	40	00	0.8628571428571429
2021	02	28	06	50	00	0.9
2021	02	28	07	10	00	1.0666666666666667
2021	02	28	07	20	00	0.95
2021	02	28	07	30	00	0.9600000000000001
2021	02	28	07	40	00	0.9385714285714286
2021	02	28	07	50	00	0.975
2021	02	28	08	00	00	0.9314285714285714
2021	02	28	08	10	00	0.925
2021	02	28	08	20	00	0.95
2021	02	28	08	30	00	0.9200000000000002
2021	02	28	08	40	00	0.9700000000000001
2021	02	28	08	50	00	0.905
2021	02	28	09	00	00	0.8214285714285713
2021	02	28	09	10	00	0.7374999999999999
2021	02	28	09	20	00	0.5985714285714285
2021	02	28	09	30	00	0.5685714285714286
2021	02	28	09	40	00	0.7050000000000001
2021	03	01	00	00	00	1.12
2021	03	01	00	10	00	1.1557142857142857
2021	03	01	00	40	00	1.3737500000000002
2021	03	01	01	00	00	1.3957142857142857
2021	03	01	02	00	00	1.3185714285714287
2021	03	01	03	00	00	1.0114285714285713
2021	03	01	03	10	00	0.9257142857142858
2021	03	01	03	20	00	0.9349999999999999
2021	03	01	03	30	00	0.8275
2021	03	01	03	40	00	0.9457142857142856
2021	03	01	03	50	00	0.8474999999999999
2021	03	01	04	00	00	0.8200000000000001
2021	03	01	04	10	00	0.9300000000000002
2021	03	01	04	20	00	0.9428571428571428
2021	03	01	05	00	00	0.7424999999999999
2021	03	01	05	10	00	0.7200000000000001
2021	03	01	05	20	00	0.834
2021	03	01	05	30	00	0.9442857142857142
2021	03	01	05	40	00	0.8687500000000001
2021	03	01	05	50	00	0.7871428571428571
2021	03	01	06	00	00	0.8914285714285715
2021	03	01	06	10	00	0.9424999999999999
2021	03	01	06	20	00	0.8814285714285715
2021	03	01	06	30	00	1.0242857142857142
2021	03	01	06	40	00	1.1114285714285717
2021	03	01	06	50	00	0.995
2021	03	01	07	10	00	1.16625
2021	03	01	07	20	00	1.18375
2021	03	01	07	30	00	1.17
2021	03	01	07	40	00	1.15
2021	03	01	07	50	00	1.1374999999999997
2021	03	01	08	00	00	1.1714285714285715
2021	03	01	08	10	00	1.10625
2021	03	01	08	20	00	1.0157142857142858
2021	03	01	08	30	00	1.0085714285714287
2021	03	01	08	40	00	1.0775
2021	03	01	08	50	00	1.08
2021	03	01	09	00	00	1.0371428571428571
2021	03	01	09	10	00	1.042857142857143
2021	03	01	09	20	00	0.9199999999999999
2021	03	01	09	30	00	0.9871428571428572
2021	03	01	09	40	00	1.0639999999999998
2021	03	02	00	00	00	0.86
2021	03	02	00	50	00	0.9966666666666666
2021	03	02	01	00	00	1.042857142857143
2021	03	02	02	00	00	0.91125
2021	03	02	03	00	00	0.9542857142857143
2021	03	02	03	50	00	0.9071428571428571
2021	03	02	04	00	00	0.8766666666666666
2021	03	02	05	00	00	0.55875
2021	03	02	06	00	00	0.5771428571428572
2021	03	02	07	00	00	0.74
2021	03	02	07	10	00	0.8185714285714285
2021	03	02	07	20	00	0.825
2021	03	02	07	30	00	0.7871428571428571
2021	03	02	07	40	00	0.7185714285714285
2021	03	02	07	50	00	0.755
2021	03	02	08	00	00	0.7342857142857143
2021	03	02	08	10	00	0.875
2021	03	02	08	20	00	1.3942857142857144
2021	03	02	08	30	00	2.0114285714285716
2021	03	02	08	40	00	1.8225
2021	03	02	08	50	00	1.7842857142857143
2021	03	02	09	00	00	1.6742857142857144
2021	03	02	09	10	00	1.4214285714285713
2021	03	02	09	20	00	1.52875
2021	03	02	09	30	00	1.704
2021	03	02	09	40	00	1.5
2021	03	03	00	00	00	0.866
2021	03	03	00	40	00	0.7825
2021	03	03	01	00	00	0.6071428571428571
2021	03	03	01	10	00	0.5885714285714286
2021	03	03	01	50	00	0.6075
2021	03	03	02	00	00	0.65
2021	03	03	02	50	00	1.16375
2021	03	03	03	00	00	1.1433333333333335
2021	03	03	04	00	00	1.105
2021	03	03	04	30	00	1.1328571428571428
2021	03	03	05	00	00	0.8114285714285714
2021	03	03	05	30	00	0.9385714285714286
2021	03	03	05	40	00	0.74875
2021	03	03	05	50	00	0.8099999999999999
2021	03	03	06	00	00	0.8099999999999999
2021	03	03	06	10	00	0.8571428571428571
2021	03	03	06	20	00	0.8685714285714285
2021	03	03	06	30	00	0.86875
2021	03	03	06	40	00	0.7266666666666667
2021	03	03	07	00	00	0.65
2021	03	03	07	10	00	0.6725000000000001
2021	03	03	07	20	00	0.7628571428571428
2021	03	03	07	30	00	0.76
2021	03	03	07	40	00	0.7514285714285714
2021	03	03	07	50	00	0.7587499999999999
2021	03	03	08	00	00	0.7999999999999999
2021	03	03	08	10	00	0.9537500000000002
2021	03	03	08	20	00	1.1385714285714286
2021	03	03	08	30	00	1.3214285714285714
2021	03	03	08	40	00	1.14375
2021	03	03	08	50	00	1.0257142857142856
2021	03	03	09	00	00	0.9087500000000001
2021	03	03	09	10	00	1.1942857142857142
2021	03	03	09	20	00	1.1214285714285714
2021	03	03	09	30	00	0.9628571428571427
2021	03	03	09	40	00	0.992
2021	03	04	00	00	00	0.75
2021	03	04	01	00	00	0.9014285714285715
2021	03	04	01	10	00	0.92625
2021	03	04	01	30	00	0.7666666666666666
2021	03	04	02	00	00	1.07375
2021	03	04	02	10	00	1.1042857142857145
2021	03	04	02	30	00	0.9785714285714284
2021	03	04	03	00	00	0.9475
2021	03	04	04	00	00	0.7325000000000002
2021	03	04	05	00	00	0.44166666666666665
2021	03	04	05	10	00	0.77
2021	03	04	05	20	00	0.95
2021	03	04	05	30	00	1.09
2021	03	04	05	40	00	0.9871428571428572
2021	03	04	05	50	00	0.9575
2021	03	04	06	00	00	0.9814285714285714
2021	03	04	06	10	00	0.94125
2021	03	04	06	20	00	0.8857142857142858
2021	03	04	06	30	00	0.7857142857142858
2021	03	04	06	40	00	0.79
2021	03	04	06	50	00	1.03
2021	03	04	07	00	00	1.6325
2021	03	04	07	10	00	1.3419999999999999
2021	03	04	07	20	00	0.97375
2021	03	04	07	30	00	0.9428571428571428
2021	03	04	07	40	00	1.0225
2021	03	04	07	50	00	1.1685714285714286
2021	03	04	08	00	00	1.02
2021	03	04	08	10	00	0.9814285714285715
2021	03	04	08	20	00	0.7828571428571429
2021	03	04	08	30	00	0.84625
2021	03	04	08	40	00	0.8157142857142857
2021	03	04	08	50	00	0.575
2021	03	04	09	00	00	0.6357142857142858
2021	03	04	09	10	00	0.6585714285714286
2021	03	04	09	20	00	0.7200000000000001
2021	03	04	09	30	00	0.7242857142857143
2021	03	04	09	40	00	0.6960000000000001
2021	03	05	00	00	00	1.1
2021	03	05	01	00	00	1.0637499999999998
2021	03	05	02	00	00	0.8599999999999999
2021	03	05	02	20	00	0.722857142857143
2021	03	05	03	00	00	0.7628571428571428
2021	03	05	03	40	00	0.7549999999999999
2021	03	05	04	00	00	0.8275
2021	03	05	04	50	00	0.8325
2021	03	05	05	00	00	0.8666666666666667
2021	03	05	06	00	00	0.64625
2021	03	05	06	10	00	0.6028571428571429
2021	03	05	07	00	00	0.6328571428571428
2021	03	05	08	00	00	1.00375
2021	03	05	08	50	00	0.7385714285714285
2021	03	05	09	00	00	0.9924999999999999
2021	03	06	00	00	00	0.9640000000000001
2021	03	06	00	20	00	0.807142857142857
2021	03	06	01	00	00	0.79125
2021	03	06	01	10	00	0.7285714285714285
2021	03	06	02	00	00	0.5425
2021	03	06	02	10	00	0.5528571428571428
2021	03	06	02	20	00	0.5075000000000001
2021	03	06	02	30	00	0.50375
2021	03	06	02	40	00	0.47428571428571425
2021	03	06	02	50	00	0.4942857142857143
2021	03	06	03	00	00	0.55125
2021	03	06	03	10	00	0.6285714285714287
2021	03	06	03	20	00	0.665
2021	03	06	03	30	00	0.7314285714285713
2021	03	06	03	40	00	0.7312499999999998
2021	03	06	03	50	00	0.6775
2021	03	06	04	00	00	0.6928571428571428
2021	03	06	04	10	00	0.6971428571428572
2021	03	06	04	20	00	0.6074999999999999
2021	03	06	04	30	00	0.55
2021	03	06	04	40	00	0.61375
2021	03	06	04	50	00	0.63
2021	03	06	05	00	00	0.46499999999999997
2021	03	06	05	10	00	0.5357142857142857
2021	03	06	05	20	00	0.5687500000000001
2021	03	06	05	30	00	0.54375
2021	03	06	05	40	00	0.47428571428571425
2021	03	06	05	50	00	0.46124999999999994
2021	03	06	06	00	00	0.46714285714285714
2021	03	06	06	10	00	0.5587500000000001
2021	03	06	06	20	00	0.5414285714285715
2021	03	06	06	30	00	0.4942857142857143
2021	03	06	06	40	00	0.49500000000000005
2021	03	06	06	50	00	0.5142857142857143
2021	03	06	07	00	00	0.535
2021	03	06	07	20	00	0.42
2021	03	06	07	30	00	0.49333333333333335
2021	03	06	07	40	00	0.47
2021	03	06	07	50	00	0.56
2021	03	06	08	00	00	0.60875
2021	03	06	08	30	00	0.57125
2021	03	06	09	00	00	0.5514285714285714
2021	03	06	09	10	00	0.6071428571428571
2021	03	06	09	20	00	0.6275000000000001
2021	03	06	09	30	00	0.6128571428571429
2021	03	06	09	40	00	0.5457142857142857
2021	03	07	01	00	00	1.0457142857142856
2021	03	07	02	00	00	1.1457142857142857
2021	03	07	02	10	00	1.0050000000000001
2021	03	07	02	20	00	0.875
2021	03	07	02	30	00	0.8771428571428571
2021	03	07	02	40	00	0.7512500000000001
2021	03	07	02	50	00	1.0542857142857143
2021	03	07	03	00	00	1.005
2021	03	07	03	10	00	1.0185714285714285
2021	03	07	03	20	00	1.10625
2021	03	07	03	30	00	1.02
2021	03	07	03	40	00	0.8374999999999999
2021	03	07	03	50	00	0.6928571428571428
2021	03	07	04	00	00	0.6224999999999999
2021	03	07	04	10	00	0.6042857142857142
2021	03	07	04	20	00	0.6187499999999999
2021	03	07	04	30	00	0.6242857142857143
2021	03	07	04	40	00	0.5425
2021	03	07	04	50	00	0.518
2021	03	07	05	00	00	0.41500000000000004
2021	03	07	05	10	00	0.37857142857142856
2021	03	07	05	20	00	0.49375
2021	03	07	05	30	00	0.527142857142857
2021	03	07	05	40	00	0.6
2021	03	07	05	50	00	0.5399999999999999
2021	03	07	06	00	00	0.6125
2021	03	07	06	10	00	0.5671428571428571
2021	03	07	06	20	00	0.47714285714285715
2021	03	07	06	30	00	0.4657142857142857
2021	03	07	06	40	00	0.43624999999999997
2021	03	07	06	50	00	0.42857142857142855
2021	03	07	07	00	00	0.45599999999999996
2021	03	07	07	10	00	0.37
2021	03	07	07	20	00	0.43
2021	03	07	07	30	00	0.4275
2021	03	07	07	40	00	0.33285714285714285
2021	03	07	07	50	00	0.34500000000000003
2021	03	07	08	00	00	0.37142857142857144
2021	03	07	08	10	00	0.39125
2021	03	07	08	20	00	0.4014285714285714
2021	03	07	08	30	00	0.43571428571428567
2021	03	07	08	40	00	0.39
2021	03	07	08	50	00	0.4333333333333333
2021	03	07	09	00	00	0.4585714285714285
2021	03	07	09	10	00	0.46875
2021	03	07	09	20	00	0.5980000000000001
2021	03	07	09	30	00	0.41125
2021	03	07	09	40	00	0.43142857142857144
2021	03	08	00	00	00	1.0466666666666669
2021	03	08	01	00	00	1.2557142857142856
2021	03	08	01	30	00	1.3542857142857143
2021	03	08	01	40	00	1.33
2021	03	08	02	00	00	1.2257142857142858
2021	03	08	03	00	00	1.2599999999999998
2021	03	08	04	00	00	0.9142857142857144
2021	03	08	04	50	00	0.9500000000000001
2021	03	08	05	00	00	1.1485714285714288
2021	03	08	06	00	00	1.31
2021	03	08	06	20	00	1.3687500000000001
2021	03	08	06	30	00	1.1542857142857144
2021	03	08	06	50	00	1.462857142857143
2021	03	08	07	00	00	1.48
2021	03	08	07	50	00	1.1557142857142857
2021	03	08	08	00	00	1.1725
2021	03	08	08	10	00	1.1985714285714286
2021	03	08	08	40	00	0.9900000000000001
2021	03	08	09	00	00	0.83375
2021	03	08	09	10	00	0.7299999999999999
2021	03	08	09	40	00	0.732857142857143
2021	03	09	00	00	00	0.9914285714285717
2021	03	09	01	00	00	0.635
2021	03	09	01	10	00	0.6
2021	03	09	01	20	00	0.666
2021	03	09	01	30	00	0.6357142857142858
2021	03	09	01	40	00	0.62625
2021	03	09	01	50	00	0.7300000000000001
2021	03	09	02	00	00	0.75875
2021	03	09	02	10	00	0.8400000000000001
2021	03	09	02	20	00	0.96375
2021	03	09	02	30	00	1.48
2021	03	09	02	40	00	1.3157142857142858
2021	03	09	02	50	00	1.30625
2021	03	09	03	00	00	1.34375
2021	03	09	03	10	00	1.3442857142857143
2021	03	09	03	20	00	1.34125
2021	03	09	03	30	00	1.0000000000000002
2021	03	09	03	40	00	1.02
2021	03	09	03	50	00	1.24
2021	03	09	04	00	00	1.31
2021	03	09	04	10	00	1.3275
2021	03	09	04	20	00	1.3914285714285715
2021	03	09	04	30	00	1.3475000000000001
2021	03	09	04	40	00	1.5649999999999997
2021	03	09	04	50	00	1.4875
2021	03	09	05	00	00	1.56625
2021	03	09	05	10	00	1.57375
2021	03	09	05	20	00	1.8114285714285714
2021	03	09	05	30	00	1.9100000000000001
2021	03	09	05	40	00	1.7899999999999998
2021	03	09	05	50	00	2.01625
2021	03	09	06	00	00	1.7357142857142858
2021	03	09	06	10	00	1.815
2021	03	09	06	20	00	1.5885714285714287
2021	03	09	06	30	00	1.1849999999999998
2021	03	09	06	40	00	1.084285714285714
2021	03	09	06	50	00	0.8616666666666667
2021	03	09	07	00	00	0.89
2021	03	09	07	10	00	0.9071428571428571
2021	03	09	07	20	00	0.8550000000000001
2021	03	09	07	30	00	0.9042857142857142
2021	03	09	07	40	00	1.00625
2021	03	09	07	50	00	0.9071428571428571
2021	03	09	08	00	00	1.0342857142857143
2021	03	09	08	10	00	0.915
2021	03	09	08	20	00	0.8385714285714286
2021	03	09	08	30	00	0.9362500000000001
2021	03	09	08	40	00	1.1600000000000001
2021	03	09	08	50	00	0.9450000000000001
2021	03	09	09	00	00	1.1799999999999997
2021	03	09	09	10	00	1.18625
2021	03	09	09	20	00	1.1975
2021	03	09	09	30	00	1.3185714285714287
2021	03	09	09	40	00	1.4128571428571426
2021	03	10	00	00	00	0.9425000000000001
2021	03	10	00	50	00	0.72375
2021	03	10	01	00	00	0.7528571428571428
2021	03	10	01	20	00	0.7814285714285714
2021	03	10	02	00	00	0.74125
2021	03	10	03	00	00	2.1237500000000002
2021	03	10	04	00	00	1.1742857142857142
2021	03	10	05	00	00	1.364285714285714
2021	03	10	05	10	00	1.5374999999999999
2021	03	10	06	00	00	1.3900000000000001
2021	03	10	07	00	00	1.45
2021	03	10	07	10	00	1.4171428571428575
2021	03	10	07	20	00	1.4728571428571426
2021	03	10	07	30	00	1.44125
2021	03	10	07	40	00	1.3557142857142856
2021	03	10	07	50	00	1.3525
2021	03	10	08	00	00	1.3242857142857145
2021	03	10	08	10	00	1.43
2021	03	10	08	20	00	1.5514285714285714
2021	03	10	08	30	00	1.4728571428571429
2021	03	10	08	40	00	1.1400000000000001
2021	03	10	08	50	00	1.075
2021	03	10	09	00	00	1.05125
2021	03	10	09	10	00	0.9557142857142858
2021	03	10	09	20	00	1.06
2021	03	11	00	00	00	1.44
2021	03	11	00	40	00	0.835
2021	03	11	01	00	00	0.9339999999999999
2021	03	11	01	40	00	0.88
2021	03	11	02	00	00	0.6471428571428571
2021	03	11	03	00	00	0.55625
2021	03	11	03	10	00	0.6285714285714284
2021	03	11	03	20	00	0.6824999999999999
2021	03	11	04	00	00	0.74125
2021	03	11	05	00	00	0.8771428571428571
2021	03	11	06	00	00	0.9328571428571429
2021	03	11	06	10	00	0.9125000000000001
2021	03	11	06	20	00	1.0857142857142856
2021	03	11	06	30	00	0.9887499999999999
2021	03	11	06	40	00	0.7757142857142857
2021	03	11	07	00	00	0.7914285714285715
2021	03	11	07	10	00	0.8057142857142858
2021	03	11	07	20	00	0.7871428571428573
2021	03	11	07	30	00	0.7175000000000001
2021	03	11	07	40	00	0.7150000000000001
2021	03	11	07	50	00	0.8899999999999999
2021	03	11	08	00	00	1.09875
2021	03	11	08	10	00	1.0042857142857142
2021	03	11	08	20	00	1.1342857142857141
2021	03	11	08	30	00	1.22125
2021	03	11	08	40	00	1.272857142857143
2021	03	11	08	50	00	1.1385714285714283
2021	03	11	09	00	00	1.52
2021	03	11	09	10	00	1.5271428571428571
2021	03	11	09	20	00	1.5025
2021	03	11	09	30	00	1.40375
2021	03	11	09	40	00	1.3914285714285715
2021	03	11	09	50	00	1.52
2021	03	12	00	00	00	0.8457142857142858
2021	03	12	01	00	00	0.78
2021	03	12	02	00	00	0.6371428571428571
2021	03	12	03	00	00	0.7014285714285716
2021	03	12	03	10	00	0.71875
2021	03	12	03	20	00	0.8414285714285714
2021	03	12	03	30	00	0.8412500000000002
2021	03	12	03	40	00	0.7571428571428572
2021	03	12	03	50	00	0.8228571428571428
2021	03	12	04	00	00	0.755
2021	03	12	04	20	00	0.6014285714285714
2021	03	12	04	30	00	0.758
2021	03	12	04	40	00	0.5900000000000001
2021	03	12	04	50	00	0.5514285714285714
2021	03	12	05	00	00	0.52625
2021	03	12	05	10	00	0.55875
2021	03	12	05	20	00	0.5642857142857143
2021	03	12	05	30	00	0.8214285714285714
2021	03	12	05	40	00	0.77125
2021	03	12	05	50	00	0.6971428571428572
2021	03	12	06	00	00	0.6571428571428573
2021	03	12	06	10	00	0.8200000000000002
2021	03	12	06	20	00	0.9900000000000001
2021	03	12	06	30	00	0.7483333333333334
2021	03	12	06	40	00	0.7260000000000001
2021	03	12	07	00	00	0.53375
2021	03	12	07	10	00	0.61875
2021	03	12	07	20	00	0.5300000000000001
2021	03	12	07	30	00	0.585
2021	03	12	07	40	00	0.6042857142857142
2021	03	12	07	50	00	0.5000000000000001
2021	03	12	08	00	00	0.4425
2021	03	12	08	10	00	0.5014285714285716
2021	03	12	08	20	00	0.5314285714285714
2021	03	12	08	30	00	0.57
2021	03	12	08	40	00	0.6757142857142856
2021	03	12	08	50	00	0.5028571428571429
2021	03	12	09	00	00	0.5462499999999999
2021	03	12	09	10	00	0.6299999999999999
2021	03	12	09	20	00	0.5
2021	03	12	09	30	00	0.5157142857142858
2021	03	12	09	40	00	0.5085714285714286
2021	03	12	09	50	00	0.47500000000000003
2021	03	13	00	00	00	1.0785714285714285
2021	03	13	01	00	00	0.54
2021	03	13	01	20	00	0.5914285714285714
2021	03	13	02	00	00	0.5650000000000001
2021	03	13	03	00	00	0.7085714285714284
2021	03	13	04	00	00	0.5975
2021	03	13	04	10	00	0.65
2021	03	13	04	20	00	0.6625
2021	03	13	04	30	00	0.6766666666666667
2021	03	13	04	40	00	0.7585714285714287
2021	03	13	04	50	00	0.79375
2021	03	13	05	00	00	0.66625
2021	03	13	05	10	00	0.6042857142857143
2021	03	13	05	20	00	0.5075
2021	03	13	05	30	00	0.5342857142857144
2021	03	13	05	40	00	0.5325000000000001
2021	03	13	05	50	00	0.5871428571428571
2021	03	13	06	00	00	0.6014285714285714
2021	03	13	06	10	00	0.6025
2021	03	13	06	20	00	0.5842857142857143
2021	03	13	06	30	00	0.5525
2021	03	13	06	40	00	0.52
2021	03	13	06	50	00	0.4033333333333333
2021	03	13	07	00	00	0.49749999999999994
2021	03	13	07	10	00	0.48857142857142855
2021	03	13	07	20	00	0.6200000000000001
2021	03	13	07	30	00	0.665
2021	03	13	07	40	00	0.5871428571428571
2021	03	13	07	50	00	0.54375
2021	03	13	08	00	00	0.5357142857142858
2021	03	13	08	10	00	0.54625
2021	03	13	08	20	00	0.6285714285714287
2021	03	13	08	30	00	0.62125
2021	03	13	08	40	00	0.5985714285714286
2021	03	13	08	50	00	0.645
2021	03	13	09	00	00	0.7785714285714285
2021	03	13	09	10	00	0.7157142857142856
2021	03	13	09	20	00	0.73625
2021	03	13	09	30	00	0.7414285714285713
2021	03	13	09	40	00	0.65375
2021	03	13	09	50	00	0.69
2021	03	15	00	00	00	0.7937500000000001
2021	03	15	01	00	00	0.8671428571428572
2021	03	15	02	00	00	1.01125
2021	03	15	02	10	00	1.2971428571428572
2021	03	15	03	00	00	1.09375
2021	03	15	03	20	00	0.5512499999999999
2021	03	15	03	50	00	0.6437499999999999
2021	03	15	04	00	00	0.675
2021	03	15	04	40	00	0.6314285714285715
2021	03	15	05	00	00	0.72125
2021	03	15	05	50	00	1.0537500000000002
2021	03	15	06	00	00	0.9442857142857142
2021	03	15	07	00	00	0.7525000000000001
2021	03	16	01	00	00	0.605
2021	03	16	02	00	00	0.7460000000000001
2021	03	16	03	00	00	0.6925
2021	03	16	04	00	00	0.6785714285714286
2021	03	16	05	00	00	0.93
2021	03	16	05	30	00	1.27
2021	03	16	06	00	00	1.2420000000000002
2021	03	16	06	10	00	1.28
2021	03	16	06	30	00	1.3250000000000002
2021	03	16	06	50	00	1.14
2021	03	16	07	00	00	1.054
2021	03	16	07	30	00	1.4014285714285712
2021	03	16	08	00	00	1.6614285714285713
2021	03	16	08	10	00	1.5300000000000002
2021	03	16	08	30	00	1.5985714285714285
2021	03	16	08	40	00	1.60125
2021	03	16	09	00	00	1.4028571428571428
2021	03	17	00	00	00	0.48250000000000004
2021	03	17	01	00	00	0.8362499999999999
2021	03	17	01	10	00	0.7714285714285715
2021	03	17	01	20	00	0.7575
2021	03	17	01	40	00	0.7300000000000001
2021	03	17	01	50	00	0.59625
2021	03	17	02	00	00	0.5983333333333333
2021	03	17	02	40	00	0.5414285714285714
2021	03	17	03	00	00	0.5314285714285715
2021	03	17	03	30	00	0.5314285714285714
2021	03	17	04	00	00	0.6457142857142857
2021	03	17	04	20	00	0.6399999999999999
2021	03	17	04	30	00	0.64
2021	03	17	05	00	00	0.5757142857142857
2021	03	17	05	40	00	0.5214285714285715
2021	03	17	06	00	00	0.4875
2021	03	17	06	50	00	0.61625
2021	03	17	07	00	00	0.6714285714285715
2021	03	17	08	00	00	0.7014285714285713
2021	03	17	09	00	00	0.7625
2021	03	17	09	10	00	0.7385714285714285
2021	03	17	09	20	00	0.7728571428571429
2021	03	17	09	30	00	0.765
2021	03	17	09	40	00	0.7112499999999999
2021	03	17	09	50	00	0.68
